13199,214587697,0,2
26384,214716971,0,2
39662,214826835,0,1
39662,214820240,0,1
39662,214717003,0,2
52774,214827032,0,2
52774,214819612,0,1
64117,214748285,0,1
64117,214820218,0,1
79322,214748338,0,2
79322,214748300,0,1
79322,214748338,0,1
82806,214613743,0,1
82806,214827011,0,1
105548,214821390,0,1
105548,214718203,0,1
110293,214573616,0,1
110293,214714691,0,1
128237,214716461,0,2
147102,214826835,0,1
147102,214826627,0,1
147102,214827026,0,1
158646,214839902,0,1
158646,214691396,0,1
158646,214702787,0,1
154622,214839313,0,3
165614,214716935,0,1
194256,214826705,0,1
194256,214826816,0,1
211097,214826621,0,1
211097,214826619,0,1
211097,214827007,0,1
211097,214827005,0,1
211097,214827000,0,1
211097,214826837,0,1
211097,214826872,0,1
211097,214826621,0,2
211097,214826619,0,2
211097,214826927,0,1
211097,214826934,0,1
211097,214826998,0,2
211097,214717562,0,1
211097,214821300,0,1
211097,214746427,0,1
211097,214743335,0,1
198797,214821285,0,1
198797,214826897,0,1
198797,214535621,0,1
198797,214737337,0,1
198797,214840412,0,1
220587,214826705,0,1
220587,214826816,0,1
238213,214677862,0,1
238213,214746435,0,1
256468,214827028,0,1
256468,214584815,0,1
256468,214587307,0,1
256468,214584815,0,1
256468,214587307,0,1
281969,214695478,0,1
281969,214774685,0,1
281969,214774682,0,1
294201,214826627,0,1
294201,214826816,0,1
294201,214826955,0,1
272808,214717247,0,1
272808,214821028,0,1
272808,214821026,0,1
272808,214561502,0,1
272808,214585395,0,1
317291,214709645,0,1
317291,214709690,0,1
296393,214709165,0,1
296393,214698806,0,2
309242,214835713,0,1
309242,214530697,0,1
309242,214530701,0,1
309242,214835287,0,1
309242,214701350,0,1
309242,214606417,0,1
309242,214611129,0,1
309242,214676595,0,1
309242,214601210,0,1
309242,214701787,0,1
309242,214717627,0,1
309242,214611129,0,1
309242,214606417,0,1
309242,214835287,0,1
309242,214530697,0,1
309242,214835713,0,1
309242,214717627,0,1
309242,214601210,0,1
309242,214511015,0,1
309242,214701787,0,1
309242,214601210,0,1
309242,214606417,0,1
309242,214511015,0,1
309242,214701787,0,1
309242,214676595,0,1
309242,214606417,0,1
309242,214511015,0,1
309242,214530701,0,1
309242,214676595,0,1
309242,214611129,0,1
309242,214601210,0,1
309242,214606417,0,1
309242,214835287,0,1
309242,214530701,0,1
309242,214530697,0,1
309242,214835713,0,1
309242,214717627,0,1
359276,214827022,0,1
359276,214827020,0,1
359276,214630042,0,1
359276,214706216,0,1
331202,214819490,0,1
331202,214702787,0,2
384544,214718160,0,1
384544,214684513,0,1
384544,214839373,0,1
384544,214534704,0,1
388519,214711661,0,1
388519,214585395,0,2
375146,214718203,0,1
375146,214821390,0,1
375146,214718203,0,1
422198,214515883,0,1
422198,214515834,0,1
422198,214746450,0,1
402691,214821377,0,1
402691,214746339,0,1
397573,214821022,0,1
397573,214716982,0,2
445463,214718160,0,2
441172,214685784,0,2
489277,214821022,0,1
489277,214718160,0,1
489277,214821024,0,1
489277,214819552,0,1
489277,214832557,0,1
489277,214832559,0,1
476428,214539294,0,2
476428,214687642,0,3
476428,214587056,0,2
462591,214826912,0,1
462591,214684841,0,1
559814,214841006,0,2
579681,214826705,0,3
584286,214821279,0,1
584286,214820237,0,1
584286,214709685,0,1
538049,214684513,0,1
538049,214839373,0,1
541548,214716935,0,1
541548,214717003,0,1
541548,214716930,0,1
541548,214651610,0,1
541548,214704045,0,1
623493,214839313,0,2
634892,214821401,0,1
634892,214839600,0,1
634892,214829321,0,1
648384,214820842,0,1
648384,214551617,0,1
596377,214579730,0,1
596377,214738445,0,1
596377,214579730,0,1
596377,214836958,0,3
596377,214511966,0,1
596377,214826810,0,1
596377,214578577,0,1
596377,214576899,0,1
596377,214736210,0,1
609698,214820227,0,2
620964,214821305,0,2
692658,214680360,0,2
714488,214709634,0,2
670097,214840507,0,1
670097,214843672,0,1
670097,214843532,0,1
670097,214691488,0,1
670097,214717241,0,1
670097,214709077,0,1
670097,214576892,0,1
670097,214663303,0,1
670097,214602294,0,1
670097,214644637,0,1
670097,214706150,0,1
670097,214663303,0,1
670097,214835291,0,1
670097,214551909,0,1
670097,214551900,0,1
670097,214551905,0,1
658351,214562000,0,2
671829,214602825,0,1
671829,214596135,0,1
757277,214826747,0,1
757277,214717877,0,1
757277,214508563,0,1
785094,214746446,0,1
785094,214717301,0,1
785094,214687875,0,1
730732,214717286,0,1
730732,214826837,0,1
730732,214550259,0,1
726017,214760113,0,2
739067,214827005,0,1
739067,214544327,0,1
739067,214559259,0,1
739067,214568402,0,1
739067,214832473,0,1
739067,214830990,0,1
739067,214768262,0,1
835788,214717003,0,4
825047,214656290,0,2
825047,214648391,0,1
825047,214656290,0,2
828648,214819419,0,1
828648,214836052,0,1
828648,214819496,0,1
828648,214819610,0,1
828648,214668249,0,1
828648,214559660,0,1
828648,214820844,0,1
828648,214612762,0,1
828648,214811752,0,1
817219,214574917,0,2
786462,214835285,0,1
786462,214530705,0,1
786462,214835285,0,1
786462,214835287,0,1
786462,214530705,0,1
786462,214835285,0,1
904714,214509000,0,4
917178,214706102,0,1
917178,214819387,0,1
917178,214586923,0,1
917178,214748334,0,1
917178,214753515,0,1
917178,214744535,0,1
917178,214826876,0,1
895607,214839371,0,1
895607,214594616,0,1
895607,214839369,0,1
873326,214844825,0,2
873326,214821277,0,2
873326,214845148,0,3
853576,214826617,0,1
853576,214826615,0,1
853576,214717877,0,1
853576,214711280,0,1
865316,214844357,0,1
865316,214821307,0,1
865316,214821339,0,1
928676,214820252,0,2
928676,214746388,0,2
928676,214748300,0,2
928676,214546217,0,2
521863,214601186,0,2
509171,214698420,0,1
509171,214574672,0,1
509171,214696897,0,1
499336,214829321,0,1
1119266,214676042,0,1
1139404,214829004,0,1
1139404,214601542,0,1
1162854,214587898,0,1
1162854,214820805,0,1
1162854,214579837,0,1
1162854,214579839,0,1
1147624,214827009,0,1
1147624,214711297,0,1
1168997,214827009,0,2
1063071,214820805,0,1
1063071,214601233,0,1
1076289,214716980,0,2
1076289,214716973,0,2
1076289,214716939,0,1
1071163,214544921,0,1
1071163,214833309,0,1
1082538,214821305,0,1
1082538,214551626,0,1
1082538,214827017,0,1
1110547,214674416,0,1
1110547,214646550,0,1
1251342,214537967,0,1
1251342,214754066,0,1
1256107,214840597,0,1
1256107,214584939,0,1
1270199,214510447,0,1
1293444,214829327,0,2
1297399,214700610,0,1
1187213,214826816,0,1
1187213,214842506,0,1
1187213,214826705,0,1
1198883,214512425,0,1
1198883,214512416,0,1
1198883,214512425,0,1
1210713,214833290,0,1
1210713,214832595,0,1
1210713,214832597,0,1
1210713,214833320,0,1
1210713,214833343,0,1
1210713,214833290,0,1
1210713,214832595,0,1
1210713,214833470,0,1
1210713,214833523,0,1
1210713,214832578,0,1
1210713,214832580,0,1
1210713,214835231,0,1
1210713,214657145,0,1
1222132,214828995,0,1
1222132,214829100,0,1
1222132,214586743,0,1
1222132,214826805,0,1
1222132,214834877,0,1
1222132,214828978,0,1
1222132,214820807,0,4
1222132,214821392,0,1
1222132,214821317,0,1
1222132,214820807,0,1
1234291,214841006,0,1
1234291,214512425,0,1
1234291,214826184,0,1
982894,214829085,0,2
970714,214842352,0,1
970714,214508942,0,1
970714,214536697,0,1
970714,214586983,0,2
957268,214537753,0,2
940482,214838188,0,1
940482,214838190,0,1
1034778,214829004,0,2
1034778,214758399,0,1
1031889,214545935,0,1
1031889,214714880,0,2
1008527,214829042,0,2
1005436,214601407,0,4
984051,214829321,0,3
984051,214748336,0,2
984051,214839600,0,2
984051,214819430,0,1
1407861,214697615,0,2
1407861,214537112,0,1
1407861,214537115,0,1
1394683,214710328,0,1
1394683,214678524,0,1
1381238,214826589,0,1
1381238,214821412,0,1
1437116,214706445,0,3
1437116,214714880,0,1
1437116,214706445,0,1
1424198,214837425,0,1
1411414,214552048,0,2
1411414,214645871,0,1
1411414,214711297,0,1
1327551,214699449,0,1
1327551,214539390,0,1
1327551,214829312,0,1
1327551,214539390,0,1
1327551,214546123,0,1
1324803,214820261,0,2
1324803,214820263,0,1
1324803,214829861,0,1
1324803,214820263,0,2
1324803,214820261,0,1
1324803,214829861,0,1
1370134,214832557,0,1
1370134,214725532,0,1
1370134,214832557,0,1
1366946,214541679,0,1
1366946,214575347,0,1
1347453,214692590,0,1
1347453,214717817,0,1
1347453,214838555,0,1
1538181,214530705,0,1
1538181,214701354,0,1
1511138,643078783,0,2
1560986,214553855,0,1
1560986,214829257,0,2
1560986,214829852,0,1
1560986,214600492,0,1
1560986,214821300,0,1
1560986,214820392,0,1
1560986,214829366,0,1
1560986,214834880,0,1
1560986,214829257,0,1
1565578,214512611,0,1
1565578,214629253,0,1
1565578,214530710,0,1
1565578,214835120,0,1
1565578,214530705,0,1
1554078,214821315,0,1
1465548,214638476,0,2
1443967,214826615,0,1
1443967,214829366,0,1
1443967,214828972,0,1
1456378,214714880,0,1
1456378,214832595,0,1
1500579,214571895,0,1
1500579,214571904,0,1
1500579,214571895,0,3
1500579,214828991,0,1
1500579,214821395,0,3
1500579,214828991,0,1
1500579,214842555,0,2
1500579,214821296,0,2
1500579,214834869,0,2
1500579,214705740,0,1
1482113,214833802,0,1
1679412,214715490,0,1
1679412,214715285,0,1
1679412,214715280,0,1
1679412,214715490,0,1
1675851,214698420,0,1
1675851,214821407,0,1
1688797,214531151,0,1
1653561,214677654,0,1
1653561,214545525,0,1
1653561,214684093,0,1
1653561,214571904,0,1
1653561,214663055,0,2
1653561,214571934,0,1
1653561,214663055,0,1
1665423,214842371,0,1
1665423,214842369,0,1
1661859,214829042,0,1
1610767,214828997,0,2
1630358,214553702,0,2
1588646,214601805,0,1
1588646,214829747,0,1
1588646,214826780,0,1
1588646,214829747,0,1
1603172,214829715,0,1
1590303,214829366,0,1
1590303,214826874,0,1
1590303,214832670,0,1
1779586,214844441,0,1
1779586,214551617,0,1
1779586,214844441,0,2
1779586,214821309,0,1
1790198,214826705,0,2
1752759,214829715,0,1
1752759,214829722,0,1
1755879,214694289,0,2
1710038,214843517,0,1
1710038,214840978,0,1
1713107,214834880,0,1
1713107,214829392,0,1
1734358,214507492,0,2
1803316,214836761,0,1
1803316,214835777,0,1
1803316,214835782,0,1
1803316,214841060,0,1
1803316,214840597,0,1
1814336,214829861,0,1
2129543,214709792,0,1
2129543,214835752,0,2
2103137,214828959,0,1
2103137,214834873,0,1
2103137,214828959,0,1
1828013,214636507,0,1
2147874,214676486,0,2
2160152,214677300,0,1
2160152,214677337,0,1
2160152,214712936,0,1
2160152,214834877,0,1
1796091,214711721,0,1
1796091,214548568,0,1
2144122,214596172,0,1
2144122,214587377,0,1
2193457,214829852,0,1
2193457,214829280,0,1
2193457,214687852,0,1
2193457,214829321,0,1
2193457,214706102,0,1
2175782,214838261,0,1
2175782,214717046,0,1
2175782,214717406,0,1
2175782,214838259,0,1
2175782,214835752,0,1
2175782,214712229,0,1
2175782,214827069,0,1
2197688,214551780,0,1
2197688,214612895,0,2
1960064,214541355,0,1
1960064,214700990,0,1
1960064,214663310,0,1
1960064,214708374,0,1
1956653,214821317,0,1
1956653,214826666,0,1
1956653,214826662,0,1
1937382,214831931,0,1
1937382,214829381,0,1
1929874,214838859,0,1
1929874,214561687,0,1
1929874,214845502,0,1
1929874,214717528,0,1
1910404,214828995,0,1
1910404,214819524,0,1
1910404,214641412,0,1
1910404,214829865,0,1
1910404,214641412,0,1
1910404,214550636,0,1
1898253,214759912,0,2
1885471,214587898,0,2
1871898,214828959,0,1
1871898,214828965,0,1
1871898,214547814,0,1
1871898,214821317,0,1
1862931,214835752,0,3
1862931,214831931,0,1
1862931,214709792,0,1
1862931,214837877,0,1
1862931,214835512,0,1
1862931,214831931,0,1
1849762,214834944,0,1
1849762,214687792,0,1
1838457,214717541,0,1
1838457,214828961,0,1
2090298,214638474,0,2
2090298,214674572,0,1
2068943,214829880,0,1
2068943,214826977,0,1
2051403,214574777,0,1
2051403,214700990,0,1
2051403,214630042,0,1
2064166,214836324,0,1
2064166,214556840,0,1
2064166,214829878,0,1
2064166,214836407,0,1
2064166,214705736,0,1
2041189,214834871,0,2
2041189,214829327,0,1
2017681,214826175,0,1
2017681,214769045,0,1
2006908,214829822,0,1
2006908,214677757,0,1
2010476,214835752,0,1
2010476,214709792,0,1
1995242,214567057,0,1
1995242,214646632,0,1
1966382,214828970,0,2
2256278,214831946,0,1
2256278,214831948,0,1
2252039,214834869,0,1
2252039,214717725,0,1
2230707,214532064,0,2
2280248,214826897,0,1
2276443,214832720,0,1
2276443,214821277,0,1
2322967,214828989,0,3
2310688,214829861,0,2
2299442,214551626,0,2
2299442,214844460,0,1
2299442,214551626,0,1
2355059,214828989,0,1
2355059,214509830,0,1
2341826,214769045,0,2
2328679,214550582,0,2
2657726,214829368,0,2
2642098,643078800,0,3
2649143,214829882,0,1
2649143,214829885,0,1
2635778,214589257,0,1
2635778,214578645,0,1
2213887,214602568,0,1
2213887,214512429,0,1
2501689,214835694,0,1
2501689,214835739,0,1
2501689,214811752,0,1
2501689,214839905,0,1
2498089,214638485,0,1
2498089,214837425,0,1
2498089,214837417,0,1
2509012,643078783,0,3
2537268,214829390,0,1
2537268,214835132,0,1
2549228,214832728,0,1
2549228,214587609,0,1
2549228,214835717,0,1
2545552,214587956,0,1
2545552,214586818,0,1
2562048,214754516,0,1
2562048,214744237,0,1
2562048,214826244,0,1
2562048,214744235,0,1
2562048,214749982,0,1
2583799,214686082,0,1
2583799,214714757,0,1
2583799,214831946,0,2
2583799,214829880,0,1
2583799,214580190,0,1
2601384,214706460,0,1
2601384,214826662,0,1
2592253,214556840,0,1
2592253,214712132,0,1
2592253,214832670,0,1
2592253,214845527,0,1
2611532,214712229,0,2
2363736,214820394,0,1
2363736,214829660,0,1
2363736,214829385,0,1
2363736,214836328,0,1
2363736,214829850,0,1
2363736,214829852,0,1
2363736,214831967,0,1
2363736,214819721,0,1
2376822,214829379,0,2
2376822,214826711,0,2
2389599,214829366,0,1
2389599,214560587,0,1
2389599,214574672,0,1
2403693,214712270,0,1
2415412,214831967,0,2
2430744,643078800,0,1
2434406,214845538,0,1
2434406,214821324,0,1
2434406,214711271,0,1
2434406,214820214,0,1
2434406,214565512,0,1
2434406,214696792,0,1
2434406,214835512,0,1
2434406,214836515,0,1
2453582,214578650,0,1
2470528,214829857,0,2
2475068,214645003,0,1
2475068,214712289,0,1
2475068,214685998,0,1
2475068,214677922,0,1
2475068,214645003,0,1
2475068,214677922,0,1
2816701,214832124,0,1
2816701,214821407,0,1
2816701,214579875,0,1
2803887,214837417,0,1
2803887,214837419,0,1
2803887,214638474,0,1
2803887,214837425,0,1
2803887,214821347,0,1
2791961,214587384,0,8
2778321,214537487,0,1
2778321,214546959,0,1
2764888,214842429,0,2
2764888,214836823,0,1
2764888,214835462,0,1
2752516,214585072,0,1
2752516,214585001,0,1
2870968,214589600,0,1
2870968,214836521,0,1
2864802,643078800,0,1
2845691,214835017,0,1
2845691,214835747,0,1
2845691,214587712,0,1
2845691,214835747,0,2
2845691,214826565,0,1
2845691,214587697,0,1
2845691,214657322,0,1
2845691,214835017,0,1
2845691,214835019,0,1
2840691,214687839,0,2
2840691,214569727,0,1
2840691,214687839,0,2
2821854,214508287,0,1
2821854,214507331,0,1
2684759,214712235,0,1
2684759,214835165,0,1
2684759,214831946,0,2
2684759,214602605,0,1
2684759,214712235,0,2
2684759,214581489,0,2
2684759,214829090,0,1
2684759,214705736,0,1
2684759,214846057,0,2
2684759,214581489,0,1
2684759,214712235,0,1
2740311,214744485,0,1
2720996,214573355,0,1
2720996,214584785,0,1
2720996,214746382,0,1
2720996,214567875,0,1
2733891,214537455,0,1
2713643,214554748,0,1
2713643,214829006,0,1
2694906,643078800,0,2
3057081,214652953,0,2
3076467,214706216,0,1
3076467,214668759,0,1
3076467,214640019,0,1
3064132,214512630,0,1
3022276,214539193,0,1
3042071,214586722,0,3
3121971,214609325,0,1
3121971,214834867,0,1
3121971,214609325,0,1
3117441,214846520,0,1
3117441,214846451,0,1
3133843,214716926,0,1
3133843,214716928,0,1
3084031,214820259,0,1
3084031,214546772,0,1
3110918,214638941,0,1
3110918,214534635,0,1
3110918,214677566,0,1
3110918,214638941,0,1
3110918,214638840,0,1
2922201,214509084,0,1
2922201,214539845,0,1
2925746,214584815,0,1
2925746,214836785,0,1
2945542,214832124,0,1
2945542,214557223,0,2
2945542,214821407,0,1
2945542,214832128,0,1
2945542,214832115,0,1
2886853,214748300,0,4
2906128,214612704,0,1
2906128,214551624,0,1
2906128,214533022,0,1
2906128,214844454,0,1
2906128,214826822,0,1
2906128,214643925,0,1
2906128,214748289,0,1
2906128,214769045,0,1
2909389,214698581,0,1
2992761,214835017,0,6
2992761,214835747,0,2
2992761,214835017,0,2
3006196,643078800,0,2
2950116,214533022,0,1
2950116,214716932,0,1
2961508,214836532,0,1
2961508,214677965,0,1
2961508,214832017,0,1
2974407,214638474,0,2
3362033,214835122,0,1
3362033,214832115,0,1
3362033,214711575,0,1
3349217,214832115,0,1
3349217,214832124,0,1
3349217,214709645,0,1
3352716,214706180,0,1
3352716,214832128,0,1
3352716,214835107,0,1
3402333,214835132,0,2
3402333,214829364,0,1
3391359,214836530,0,1
3391359,214828991,0,1
3298127,214551626,0,1
3298127,214844441,0,1
3278308,214836521,0,6
3290998,214821315,0,1
3290998,214612706,0,1
3337301,214512429,0,2
3316388,214554382,0,1
3316388,214531434,0,1
3316388,214717787,0,1
3316388,214717770,0,1
3316388,214531597,0,2
3316388,214690781,0,1
3316388,214717770,0,1
3316388,214690781,0,1
3316388,214826975,0,1
3316388,214829825,0,1
3316388,214586645,0,1
3240718,214551493,0,1
3240718,214845735,0,1
3240718,214700621,0,1
3240718,214639991,0,1
3228482,214836830,0,3
3228482,214829762,0,1
3228482,214714697,0,1
3228482,214826975,0,1
3228482,214836926,0,1
3228482,214832780,0,1
3228482,214838111,0,1
3228482,214835137,0,1
3228482,214826670,0,1
3228482,214835019,0,1
3228482,214839251,0,1
3217362,214826711,0,1
3217362,214820810,0,1
3270386,214708267,0,1
3270386,214601173,0,1
3270386,214835402,0,1
3270386,214613799,0,1
3270386,214710915,0,1
3270386,214708252,0,1
3270386,214835246,0,1
3270386,214708254,0,1
3270386,214708256,0,1
3270386,214835250,0,1
3270386,214708258,0,1
3270386,214701234,0,1
3256871,214829079,0,1
3256871,214826803,0,2
3256871,214820227,0,1
3256871,214829079,0,1
3256871,214842555,0,1
3244589,214587437,0,1
3244589,214536412,0,1
3244589,214535595,0,1
3165577,214844420,0,2
3165577,214569240,0,1
3165577,214844936,0,1
3165577,214514640,0,1
3165577,214644339,0,1
3165577,214844936,0,1
3165577,214569240,0,1
3160867,643078800,0,1
3203163,214836530,0,1
3203163,214836851,0,1
3203163,214836530,0,1
3203163,214834867,0,1
3203163,214587028,0,1
3199691,214836847,0,1
3199691,214832128,0,1
3199691,214836847,0,1
3199691,214832126,0,1
3179577,214835263,0,1
3179577,214600931,0,1
3179577,214600927,0,1
3179577,214636768,0,1
3179577,214536892,0,1
3179577,214836834,0,1
3543362,214826983,0,1
3543362,214826829,0,1
3543362,214718396,0,1
3543362,214829878,0,1
3543362,214718396,0,1
3543362,214829878,0,1
3556448,214606395,0,2
3573494,214829030,0,2
3573494,214820265,0,1
3573494,214829030,0,1
3585242,214846982,0,3
3489584,214840571,0,1
3489584,214555237,0,1
3489584,214702719,0,1
3489584,214701827,0,1
3477311,214516149,0,2
3496932,214652934,0,1
3496932,214532107,0,1
3496932,214709735,0,2
3496932,214706180,0,1
3496932,214832017,0,1
3496932,214589548,0,1
3496932,214589632,0,1
3496932,214645295,0,1
3496932,214652934,0,1
3517133,214753661,0,2
3538502,214690824,0,1
3538502,214842377,0,1
3538502,214534215,0,1
3538502,214848114,0,1
3538502,214663310,0,1
3526166,214701787,0,1
3526166,643078800,0,1
3408311,214829852,0,1
3408311,214829773,0,1
3438431,214836534,0,1
3438431,214820396,0,1
3452003,214836530,0,1
3452003,214829750,0,1
3448566,643078800,0,3
3459161,214832126,0,2
3922641,214676962,0,1
3922641,214712507,0,1
3922641,643078800,0,1
3901448,214834877,0,1
3914683,214842735,0,2
3914683,214839982,0,1
3892962,214836926,0,2
3892962,214838225,0,1
3871252,214695480,0,1
3871252,214695476,0,1
3857559,214557367,0,1
3857559,214575431,0,1
3857559,214573494,0,1
3857559,214636513,0,1
3857559,214636517,0,1
3858456,214837252,0,2
3847339,214836870,0,1
3847339,214836795,0,2
3820122,214836932,0,1
3820122,214836924,0,1
3820122,214836932,0,1
3808421,214839373,0,1
3808421,214684513,0,2
3808421,214840541,0,1
3808421,214684372,0,1
3808421,214840541,0,2
3813044,214835109,0,1
3813044,214835167,0,1
3813044,214515870,0,1
3813044,214613741,0,1
3784791,214685788,0,1
3784791,214840562,0,1
3784791,214685788,0,1
3782383,214829317,0,1
3782383,214820261,0,1
3782383,214584815,0,1
3762682,214829102,0,1
3762682,214836881,0,1
3762682,214829102,0,1
3758667,214835604,0,1
3758667,214836827,0,1
3758667,214837438,0,1
3739281,214714682,0,1
3739281,214571143,0,1
3727207,214561496,0,2
3713286,214844154,0,1
3713286,214844160,0,1
3700343,214600502,0,1
3700343,214820439,0,1
3687528,214836729,0,2
3674489,643078800,0,2
3674489,214829788,0,1
3674489,214826662,0,1
3606791,214837410,0,1
3606791,214745278,0,1
3628474,214640353,0,2
3628474,214844360,0,1
3628474,214560587,0,1
3628474,214831942,0,1
3628474,214839915,0,1
3628474,214819410,0,1
3632441,214561496,0,1
3632441,214839356,0,1
3649642,214560587,0,1
3649642,214714697,0,1
3655751,214577293,0,1
3655751,214714710,0,1
3597646,214836924,0,2
3597646,214829765,0,1
3597646,214835109,0,1
3597646,214836932,0,1
3597646,214838227,0,1
3597646,214826990,0,1
3597646,214829799,0,1
3597646,214820402,0,2
3597646,214829799,0,1
3597646,214848729,0,1
4013106,214829762,0,1
4013106,214838861,0,1
4013106,214516723,0,1
4013106,214508225,0,1
4013106,214516723,0,1
4013106,214838861,0,1
4013106,214650645,0,1
4024047,214829042,0,1
4024047,214672944,0,1
4024047,214829715,0,1
4024047,214573612,0,1
4024047,214829715,0,1
4024047,214839982,0,1
3980103,214743815,0,1
3980103,214823087,0,1
3967293,214821407,0,1
3967293,214820392,0,1
3988444,214836924,0,1
3988444,214829762,0,1
3941657,214826990,0,1
3941657,214595150,0,1
3941657,214836795,0,1
3961292,214602568,0,1
3961292,214580291,0,1
3961292,214840419,0,1
3961292,214840590,0,1
3948992,214819438,0,1
3948992,214835694,0,1
3948992,214839620,0,1
3948992,214835739,0,1
3948992,214836947,0,1
3948992,214839622,0,1
3948992,214836120,0,1
4166267,214829846,0,3
4175861,214847649,0,1
4175861,214613741,0,2
4175861,214595150,0,1
4243783,214821285,0,1
4243783,214826803,0,1
4186838,214577057,0,1
4186838,214843554,0,1
4186838,214831970,0,1
4193019,214684513,0,1
4136446,214602605,0,2
4205794,214554131,0,1
4205794,214586591,0,1
4205794,214646207,0,1
4205794,214677508,0,1
4148043,214829773,0,1
4148043,214847968,0,1
4148043,214829102,0,1
4148043,214826713,0,1
4148043,214836881,0,1
4150092,214613902,0,1
4150092,214848729,0,1
4223197,214820263,0,1
4223197,214821277,0,2
4103362,214839915,0,1
4103362,214839973,0,1
4103362,214832147,0,1
4108797,214585631,0,2
4301236,214600470,0,1
4301236,214838105,0,1
4301236,214714757,0,1
4301236,214556216,0,1
4301236,214821309,0,1
4312586,214640353,0,1
4312586,214717271,0,1
4312586,214677735,0,1
4312586,214574670,0,1
4322686,214820274,0,1
4322686,214840584,0,1
4322686,214840537,0,1
4264616,214706165,0,2
4262049,214652428,0,1
4262049,214652439,0,1
4268773,214826623,0,1
4268773,214820214,0,1
4268773,214534220,0,1
4268773,214845131,0,1
4268773,214602733,0,1
4268773,214839969,0,1
4268773,214839960,0,1
4268773,214836855,0,1
4268773,214836857,0,1
4268773,214829775,0,1
4268773,214836853,0,1
4268773,214602598,0,1
4085016,214832124,0,3
4085016,214677401,0,6
4085016,214677512,0,3
4085016,214677401,0,4
4290164,214840918,0,2
4039327,214602817,0,1
4039327,214839371,0,1
4371039,214829792,0,1
4371039,214838105,0,1
4034869,214645005,0,1
4034869,214839592,0,1
4059024,214828970,0,1
4059024,214553700,0,1
4059024,214710152,0,1
4059024,214558331,0,1
4059024,214738453,0,1
4048269,214700002,0,1
4048269,214743515,0,1
4048269,214712237,0,1
4054917,214829792,0,1
4054917,214845508,0,1
4054917,214829792,0,1
4326677,214555269,0,1
4326677,214680422,0,1
4030247,214838107,0,2
4030247,214829797,0,2
4030247,214838107,0,1
4346288,214826713,0,1
4346288,214839592,0,1
4346288,214725549,0,1
4509777,214844447,0,1
4490374,214758772,0,1
4490374,214844634,0,1
4502717,214839598,0,1
4502717,214839956,0,1
4483391,214748336,0,1
4483391,214839969,0,1
4483391,214845131,0,1
4463078,214716512,0,1
4463078,214594678,0,1
4577247,214836868,0,1
4577247,214607177,0,1
4577247,214607182,0,1
4580471,214821407,0,1
4580471,214831959,0,1
4580471,214827002,0,1
4580471,214612730,0,1
4580471,214826610,0,1
4567706,214684093,0,1
4567706,214849350,0,1
4541901,214601197,0,1
4541901,214640870,0,1
4541901,214847087,0,1
4541901,214640876,0,1
4527913,214710150,0,1
4527913,214837280,0,2
4527913,214838092,0,1
4527913,214837286,0,1
4531523,214632146,0,1
4531523,214829885,0,1
4640599,214829287,0,1
4640599,214826951,0,1
4634684,214821309,0,1
4634684,214844441,0,2
4613492,214533022,0,2
4608262,214836512,0,1
4608262,214826747,0,1
4608262,214839598,0,1
4608262,214645005,0,1
4608262,214764281,0,1
4588831,214839932,0,1
4588831,214820812,0,1
4588831,214820456,0,1
4588831,214819770,0,1
4713239,214716639,0,2
4702127,214535653,0,1
4702127,214511070,0,1
4702127,214849211,0,1
4688922,214632146,0,2
4673166,214831970,0,1
4673166,214554131,0,1
4659766,214694964,0,1
4659766,214700758,0,1
4659766,214670139,0,1
4659766,214700745,0,1
4659766,214678918,0,1
4659766,214589010,0,1
4659766,214845425,0,1
4659766,214696134,0,1
4659766,214648573,0,1
4659766,214696134,0,1
4659766,214648573,0,1
4659766,214648477,0,1
4659766,214696680,0,1
4659766,214705565,0,1
4659766,214712996,0,1
4659766,214589019,0,1
4659766,214714734,0,1
4659766,214538317,0,1
4659766,214836909,0,1
4659766,214819460,0,1
4720329,214701806,0,1
4720329,214551695,0,1
4739586,214836512,0,1
4739586,214587028,0,1
4739586,214831970,0,2
4739586,214587028,0,1
4739586,214831970,0,1
4739586,214836512,0,1
4739586,214840235,0,1
4739586,214847000,0,1
4739586,214836881,0,1
4744818,214828991,0,1
4744818,214835130,0,1
4744818,214831970,0,1
4766459,214839977,0,2
4770896,214586694,0,1
4770896,214829280,0,1
4784201,214839973,0,1
4784201,214602598,0,1
4784201,214828985,0,1
4784201,214832147,0,1
4797168,214640015,0,1
4797168,214839947,0,1
4810956,214839913,0,1
4810956,214553700,0,1
4810956,214710152,0,1
4822931,214581611,0,2
4822931,214836924,0,1
4833944,214538030,0,1
4833944,214821290,0,7
4833944,214538030,0,1
4833944,214821290,0,1
4833944,214748347,0,1
4833944,214821277,0,1
4833944,214821290,0,1
4833944,214821292,0,1
4846288,214560013,0,1
4846288,214829747,0,1
4856549,214839356,0,1
4856549,214645618,0,1
4856549,214839341,0,1
4856549,214839339,0,1
4876901,214843449,0,1
4876901,214826951,0,1
4437388,214826942,0,1
4437388,214832143,0,2
4425093,214564687,0,2
4444594,214839973,0,1
4444594,214839971,0,1
4444594,214839960,0,1
4444594,214557095,0,1
4396906,214839932,0,1
4396906,214839973,0,1
4396906,214821401,0,1
4412049,214839973,0,1
4412049,214839960,0,1
5000909,214685784,0,2
5000909,214685786,0,1
5000909,214685784,0,1
4987397,214838092,0,1
4987397,214832156,0,1
4991407,214840899,2,2
4991407,214838435,2,2
5044838,214646745,0,2
5016781,214745272,0,1
5016781,214837410,0,1
5062773,214831950,0,1
5062773,214646617,0,1
5075567,214823548,0,2
5054672,214844407,0,1
5103143,214832010,0,1
5103143,214844402,0,1
5081759,214833802,0,1
5081759,214820261,0,1
5081759,214820265,0,1
5081759,214848727,0,1
5081759,214833802,0,1
5094098,214840850,0,1
5132866,214850593,0,1
5132866,214844409,0,1
5132866,214836868,0,1
5118264,214716710,0,1
5118264,214716707,0,1
5170702,214532156,0,1
5170702,214708372,0,1
5170702,214717057,0,1
5170702,214629965,0,1
5170702,214629988,0,1
5170702,214629883,0,1
5170702,214629965,0,1
5157658,214840235,0,1
5157658,214836512,0,1
5145382,214843505,0,1
5145382,214840997,0,1
5145382,214840991,0,1
5145382,214840974,0,1
5145382,214840963,0,1
5145382,214843532,0,1
5145382,214840963,0,1
5145382,214840974,0,1
5145382,214838692,0,1
5145382,214843528,0,1
5145382,214691531,0,1
5145382,214838225,0,1
5145382,214845407,0,1
5197162,214829280,0,1
5197162,214829775,0,1
5197162,214602598,0,1
5197162,214587317,0,1
5197162,214586694,0,1
5193082,214839973,0,1
5193082,214710099,0,1
5193082,214676480,0,1
5193082,214838094,0,1
5219456,214527519,0,1
5219456,214844321,0,1
4895462,214826833,0,1
4895462,214844398,0,1
4895462,214707875,0,1
4895462,214573288,0,1
4895462,214691332,0,1
4882679,214651822,0,1
4882679,214639922,0,1
4882679,214639925,0,1
4882679,214544610,0,1
4882679,214676342,0,1
4882679,214544610,0,1
4882679,214628921,0,1
4882679,214645346,0,1
4882679,214531337,0,1
4882679,214602315,0,1
4882679,214581427,0,1
4882679,214514640,0,1
4882679,214550621,0,1
4882679,214551493,0,1
4882679,214550621,0,1
4904437,214638474,0,1
4904437,214837417,0,1
4930557,214839977,0,3
4943692,214837288,0,1
4943692,214838094,0,1
4943692,214838092,0,1
4943692,214825427,0,1
4943692,214837280,0,1
4938646,214839598,0,2
4949727,214845577,0,1
4949727,214845354,0,1
4949727,214829878,0,1
4949727,214831948,0,1
4949727,214836879,0,1
4977192,214829878,S,1
4977192,214845577,S,1
4977192,214691428,S,1
4977192,214844413,S,1
5565673,214699025,S,2
5565673,214847940,S,2
5548883,214708211,S,1
5548883,214687663,2,1
5544941,214691630,0,1
5523127,214845521,S,1
5523127,214757486,11,1
5508604,214581793,7,1
5508604,214515847,7,1
5240034,214828952,S,3
5240034,214585631,5,1
5240034,214828952,S,1
5240034,214585631,5,1
5240034,214536302,0,1
5240034,214828952,S,1
5240034,214536302,0,1
5240034,214585631,5,1
5240034,214536300,0,1
5240034,214828952,S,1
5221908,214845585,S,1
5221908,214824135,S,1
5350358,214709814,S,1
5350358,214826833,S,1
5350358,214744768,S,1
5350358,214832150,S,1
5350358,214845407,S,1
5367974,214846007,S,1
5367974,214846033,S,1
5322218,214748300,7,1
5322218,214748297,7,1
5322218,214753513,7,1
5322218,214850679,7,1
5322218,214850677,7,1
5309812,214844345,S,1
5309812,214845405,S,1
5309812,214845407,S,1
5309812,214640520,S,1
5309812,214706460,S,1
5309812,214838225,S,1
5309812,214844398,S,1
5309812,214701212,2,1
5309812,214844345,S,1
5309812,214712126,S,1
5309812,214561496,S,1
5329359,214581427,S,2
5290888,214702708,2,1
5290888,214587740,2,1
5303939,214844396,S,1
5303939,214844402,S,1
5303939,214832150,S,1
5299359,214844370,S,1
5299359,214582172,S,1
5299359,214582170,S,1
5299359,214835070,S,1
5299359,214838225,S,1
5243892,214850874,2,1
5243892,214850865,S,1
5243892,214708211,S,1
5272972,214844372,S,1
5272972,214844400,S,1
5272972,214844340,S,1
5272972,214844345,S,1
5272972,214845585,S,1
5477193,214821347,4,1
5477193,214821343,4,1
5477193,214821347,4,1
5480742,214844400,S,1
5480742,214602733,S,1
5501996,214711205,S,1
5501996,214712126,S,1
5501996,214832150,S,1
5441879,214613645,2,1
5441879,214613638,2,1
5463449,214573607,6,1
5463449,214652930,6,2
5466436,214829760,2,1
5466436,214612702,2,1
5416816,214684372,S,1
5416816,214613915,S,1
5416816,214820383,S,1
5428218,214835473,S,1
5428218,214835426,S,1
5377916,214691282,2,1
5377916,214851251,2,1
5389679,214821339,5,1
5389679,214533020,0,2
5404257,214845917,S,1
5404257,214845887,S,1
5404257,214846061,S,1
5404257,214846033,S,1
5624553,214846417,S,1
5624553,214848165,S,1
5624553,214846127,S,1
5613078,214541769,5,2
5602143,214674647,1,1
5602143,214641397,1,1
5602143,214674647,1,2
5589239,214838617,1,1
5589239,214846389,S,1
5577254,214554152,0,1
5577254,214836879,S,4
5754921,214844162,7,1
5754921,214844160,7,1
5762224,214821382,S,1
5762224,214846312,S,1
5748864,214691244,S,1
5748864,214849207,S,1
5719509,214613915,S,1
5719509,214602830,S,1
5719509,214676957,S,1
5719509,214850452,S,1
5706009,214699282,9,1
5706009,214677735,9,1
5710494,214838246,6,1
5696226,214849072,S,2
5696226,214819528,S,1
5696226,214845971,S,1
5696226,214845131,S,1
5696226,214835747,S,1
5696226,214835017,S,1
5676104,214537492,2,1
5676104,214678035,0,2
5676104,214601542,S,1
5653469,214846033,S,1
5653469,214846031,S,1
5665262,214835426,S,1
5665262,214835064,S,1
5665262,214835428,S,1
5665262,214835070,S,2
5665262,214842735,S,1
5651171,214850565,S,2
5834601,214591642,1,2
5834601,214851682,1,2
5834601,214639897,1,2
5853239,214829765,S,1
5774202,214718248,1,1
5774202,214542759,1,1
5774202,214839947,6,1
5774202,214688666,6,1
5774202,214702892,6,1
5774202,214702897,6,1
5774202,214688107,6,1
5774202,214702892,6,1
5787767,214712124,S,1
5787767,214554450,S,1
5787767,214845521,S,1
5811903,214846466,S,1
5811903,214845491,S,1
5811903,214836330,S,1
5811903,214850953,S,1
5811903,214541473,0,1
5811903,214695540,0,1
5831204,214846007,S,1
5831204,214846447,S,1
5831204,214848305,S,1
5831204,214846031,S,1
5831204,214846033,S,2
5831204,214846014,S,2
5831204,214514272,S,1
5831204,214845060,1,1
5831204,214691158,6,1
5831204,214688593,6,1
5831204,214716635,S,1
5831204,214688662,6,1
5831204,214688655,6,1
5831204,214691154,6,1
5831204,214688593,6,1
5831204,214691171,6,1
5831204,214691154,6,1
5831204,214845587,S,1
5818984,214848407,S,2
6113484,214848317,S,1
6113484,214846378,S,1
6109272,214587028,4,2
6153492,214697195,1,1
6153492,214697912,1,1
6149789,214581789,7,2
6149789,214600417,7,1
6149789,214581789,7,1
6149789,214581793,7,2
6149789,214515853,7,3
6127651,214714573,10,1
6127651,214851092,S,1
6057213,214700615,4,1
6057213,214700612,4,1
6057213,214700615,4,1
6043333,214712235,S,1
6043333,214700000,0,1
6030589,214663091,S,1
6030589,214846397,S,1
6030589,214582822,S,1
6030589,214848313,S,1
6030589,214820450,S,1
6084693,214820197,S,1
6084693,214848165,S,1
6073561,214600607,10,1
6182861,214847255,3,1
6182861,214847261,0,1
6182861,214847255,3,2
6182861,214832145,S,1
6182861,214846007,S,1
6185933,214514240,1,1
6185933,214711074,1,2
6185933,214829790,S,1
6185933,214711074,1,1
6185933,214575763,1,1
6185933,214711074,1,1
6185933,214541582,S,1
6185933,214711074,1,1
6174708,214509125,S,1
6174708,214835645,4,1
6174708,214835653,4,1
6196841,214691683,S,1
6196841,214691621,0,1
6196841,214838752,2,1
6196841,214691632,0,1
6196841,214691675,2,1
6196841,214848317,S,1
5865267,214702895,1,2
5868119,214744258,0,1
5868119,214700000,0,1
5868119,214832143,0,1
5897502,214718385,0,1
5897502,214846067,3,1
5897502,214748336,S,1
5965406,214820443,S,2
5977672,214665283,9,1
5988988,214846408,S,1
5988988,214846380,S,1
6001568,214753652,1,1
6001568,214692596,1,1
6014771,214584992,S,3
6026422,214836043,3,1
6026422,214836050,3,1
6026422,214835747,3,1
6026422,214835745,3,1
6026422,214716110,3,1
6026422,214836926,3,1
6026422,214839587,3,1
6026422,214848626,1,1
6026422,214709975,1,1
6026422,214819772,1,1
5912793,214846033,1,1
5912793,214849076,1,1
5912793,214846029,1,1
5912793,214548103,1,1
5912793,214574672,0,1
5918249,214844338,S,2
5918249,214664765,4,1
5918249,214844338,S,1
5936626,214846427,S,1
5936626,214846412,S,1
5936626,214846466,S,1
5936626,214846425,S,1
5941147,214826906,S,1
5941147,214846472,S,1
5941147,214846475,S,1
5959982,214712235,1,1
5959982,214835713,1,1
6246647,214538762,2,1
6246647,214677969,2,1
6227001,214848656,S,1
6276627,214848322,S,2
6283096,214849314,S,1
6283096,214820214,S,1
6569142,214845167,2,1
6569142,214845157,2,1
6569142,214845185,2,1
6261651,214836568,3,1
6261651,214844486,3,1
6261651,214836566,3,1
6271339,214844257,S,2
6271339,214844255,S,2
6271339,214844257,S,2
6223539,214553735,S,1
6223539,214848388,S,1
6223539,214509845,0,1
6223539,214539236,S,1
6483001,214705792,S,1
6483001,214839868,S,1
6483001,214705792,S,1
6478853,214700867,4,1
6478853,214629900,4,1
6478853,214700867,4,1
6478853,214629900,4,1
6478853,214700867,4,1
6478853,214629900,4,1
6457552,214718207,S,1
6457552,214849230,S,1
6457552,214847940,7,1
6452768,214837918,S,1
6431993,214846415,S,1
6431993,214846466,S,2
6428288,214848950,S,1
6428288,214848622,S,1
6428288,214848971,S,1
6428288,214839973,S,1
6428288,214839975,S,1
6428288,214850788,S,1
6428288,214844372,S,1
6428288,214844398,S,1
6428288,214710097,S,1
6543906,214551926,2,1
6543906,214850400,2,1
6532339,214848950,S,1
6532339,214712235,S,1
6532339,214850953,S,1
6532339,214848658,S,1
6532339,214832619,S,1
6520668,214820197,S,1
6520668,214846110,S,1
6520668,214846460,S,1
6520668,214846470,S,1
6507752,214561457,S,2
6494296,214848626,S,1
6494296,214848620,S,1
6344778,214849076,S,1
6344778,214848980,S,1
6344778,214819627,S,1
6344778,214831955,1,1
6344778,214846033,1,1
6344778,214846014,1,1
6344778,214848980,S,2
6344778,214831955,1,1
6344778,214701309,3,1
6344778,214579775,3,1
6325327,214848626,S,1
6325327,214848605,S,1
6336567,214839397,5,1
6336567,214849292,S,1
6336567,214533731,5,1
6336567,214838801,5,1
6336567,214559803,5,1
6336567,214533729,5,1
6336567,214836255,5,1
6336567,214836257,5,1
6336567,214533729,5,1
6336567,214836255,5,1
6336567,214559803,5,1
6336567,214559805,2089498194,1
6336567,214838799,5,1
6336567,214838801,5,1
6336567,214838799,5,1
6319467,214848337,S,1
6319467,214848377,S,1
6319467,214848330,S,1
6298142,214848656,S,1
6298142,214849239,S,1
6411789,214848973,S,1
6411789,214848656,S,1
6411789,214848969,S,1
6415473,214558192,S,1
6415473,214848808,S,1
6401972,214849132,0,1
6401972,214510445,5,1
6401972,214819727,5,1
6386308,214846470,S,2
6358559,214550582,2,4
6726552,214509172,4,1
6721933,214821305,5,1
6721933,214844394,5,1
6734654,214711408,1,1
6734654,214684730,1,1
6734654,214829878,0,1
6734654,214826955,1,1
6734654,214718396,1,1
6734654,214820184,1,1
6700263,214560613,S,2
6711887,214849155,S,1
6711887,214849031,S,1
6707251,214848954,S,1
6707251,214849286,S,1
6707251,214838094,S,1
6789022,214849179,S,1
6789022,214829064,2,1
6811524,214701787,1,1
6811524,214835713,S,1
6811524,214601203,1,1
6811524,214700000,0,1
6763231,214849100,S,1
6763231,214849093,S,1
6750818,214831082,S,1
6750818,214820345,S,1
6750818,214849033,S,1
6750818,214586743,S,1
6750818,214587317,S,1
6750818,214820439,S,1
6772457,214849022,S,1
6772457,214848945,S,1
6593201,214849132,S,1
6593201,214691522,0,1
6606746,214708044,S,2
6618546,214594545,2,1
6618546,214845673,2,1
6618546,214845686,2,1
6618546,214594545,2,1
6657429,214717627,1,1
6661507,214819378,S,1
6661507,214567410,S,1
6681011,214601218,2,2
6621427,214829672,0,2
6642786,214829387,S,1
6642786,214851009,S,1
6647779,214849327,S,1
6647779,214836506,S,1
6647779,214548793,S,1
6647779,214835713,S,1
6647779,214684702,S,1
6647779,214711247,S,1
6967731,214851009,S,1
6967731,214848954,S,1
6967731,214848945,S,1
6956893,214716928,1,1
6956893,214717003,1,1
6956893,214717012,1,1
6956893,214716926,1,1
7009308,214710090,S,1
6997623,214849344,S,1
6997623,214849312,S,1
6983873,214851120,S,1
6838952,214849018,S,1
6838952,214849297,S,1
6838952,214853293,2,1
6838952,214545808,2,1
6838952,214853293,2,1
6838952,214545808,2,1
6838952,214685882,2,1
6838952,214550565,2,1
6838952,214550563,2,1
6838952,214550565,2,1
6838952,214550563,2,1
6838952,214546025,2,1
6838952,214849297,S,1
6838952,214829692,2,1
6838952,214545864,2,1
6838952,214596255,2,1
6838952,214534340,2,1
6838952,214829692,2,1
6838952,214538000,2,1
6838952,214714541,7,1
6838952,214698056,7,1
6838952,214714541,7,1
6838952,214718207,S,2
6838952,214574150,7,1
6838952,214698056,7,1
6838952,214714541,7,1
6838952,214718207,S,1
6843071,214845080,2,1
6843071,214829685,2,1
6832029,214574147,S,1
6865067,214848384,S,1
6865067,214848596,S,1
6865067,214848380,S,1
6853198,214850295,S,1
6853198,214850304,S,1
6853198,214846385,S,1
6856927,214838872,0,2
6856927,214848977,S,1
6856927,214838872,0,1
6856927,214848977,S,1
6909111,214743515,0,1
6909111,214744258,S,1
6888006,214849100,S,1
6932199,214828961,S,2
6917617,214832604,S,2
6917617,214587185,S,1
6930397,214832604,S,1
7215449,214612901,S,1
7215449,214551780,S,3
7215449,214551776,S,1
7237618,214587937,2,1
7255178,214553872,2,1
7255178,214835529,2,1
7255178,214663136,2,1
7243534,214832645,5,1
7243534,214846995,5,1
7263169,214850282,S,1
7263169,214684715,S,1
7290257,214849295,S,1
7301536,214849247,S,1
7301536,214587317,S,1
7296312,214848302,S,2
7309357,214684513,0,1
7339881,214587015,1,1
7083276,214607102,2,1
7083276,214607109,2,1
7083276,214607113,2,1
7083276,214607102,2,1
7087933,214584830,S,1
7087933,214717320,S,1
7107936,214540344,S,1
7113296,214701787,1,1
7113296,214851032,0,1
7113296,214829792,S,1
7113296,214712235,0,1
7113296,214851032,0,1
7113296,214701787,1,1
7113296,214845538,1,1
7113296,214851032,0,1
7113296,214601207,1,1
7113296,214701787,1,1
7113296,214845508,1,1
7113296,214835713,0,1
7113296,214851032,0,1
7134457,214839752,0,1
7134457,214846082,2,1
7139194,214643872,1,1
7139194,214848326,1,1
7139194,214677656,1,1
7139194,214851225,1,1
7139194,214677322,1,1
7139194,214677330,1,1
7151914,214581446,5,1
7151914,214665277,S,2
7151914,214845585,S,2
7170662,214534736,0,2
7181751,214850282,S,1
7193414,214849766,S,2
7205224,214832334,4,1
7205224,214832340,4,1
7205224,214832342,4,1
7205224,214832351,4,1
7205224,214832428,4,1
7205224,214832420,S,1
7205224,214832387,S,1
7205224,214832390,4,1
7030751,214848335,S,2
7026433,214582104,4,1
7026433,214836200,4,1
7026433,214819419,4,1
7026433,214811752,4,1
7026433,214555605,4,1
7026433,214835801,4,1
7026433,214836114,4,1
7076349,214849312,S,1
7076349,214848986,S,1
7076349,214849344,S,1
7076349,214849314,S,1
7076349,214849230,S,1
7076349,214844355,S,1
7076349,214585670,0,1
7076349,214561496,0,1
7076349,214585644,0,1
7076349,214707932,S,1
7076349,214537541,3,1
7076349,214835070,3,1
7076349,214717412,3,1
7076349,214846070,3,1
7076349,214580177,3,1
7076349,214581613,3,1
7076349,214846367,3,1
7076349,214560615,3,1
7076349,214705145,3,1
7076349,214718182,3,1
7076349,214819777,3,1
7076349,214582350,3,1
7076349,214602731,0,1
7076349,214850786,S,1
7076349,214845585,S,1
7076349,214602735,0,1
7076349,214603138,0,1
7076349,214581941,0,1
7076349,214561434,0,1
7076349,214602806,0,1
7076349,214603140,0,1
7076349,214561457,S,2
7076349,214826953,0,1
7076349,214820197,0,1
7076349,214846110,0,1
7076349,214602729,0,1
7076349,214602793,0,1
7076349,214587671,0,1
7076349,214585642,0,1
7076349,214561496,0,1
7054209,214684093,6,3
7049216,214850771,S,1
7049216,214850743,S,1
7049216,214850936,S,2
7049216,214556840,S,1
7434493,214586863,2,1
7422609,214553936,4,1
7409767,214849327,S,1
7404969,214718201,2,2
7383397,214848986,S,1
7383397,214848658,S,1
7379324,214534215,S,1
7379324,214629365,1,2
7379324,214629309,1,1
7379324,214629365,1,1
7379324,214591588,1,1
7379324,214629371,1,1
7379324,214837445,6,1
7357636,214850287,S,1
7357636,214848795,1,1
7357636,214829878,1,1
7357636,214684734,1,1
7355544,214644650,S,1
7837848,214583949,7,2
7842589,214851133,S,1
7842589,214851099,S,1
7863797,214850771,S,1
7799429,214709171,1,1
7799429,214574912,2,1
7799429,214509613,2,1
7799429,214574912,2,1
7799429,214658128,2,1
7799429,214574912,2,1
7819486,214509073,2,1
7819486,214509071,2,1
7819486,214848776,2,1
7819486,214829685,2,1
7819486,214509073,2,2
7824054,214601413,7,1
7824054,214850597,7,3
7777926,214850771,S,1
7777926,214826752,S,1
7788998,214819378,S,2
7734416,214539592,5,1
7734416,214819730,5,1
7734416,214819723,5,1
7753693,214546772,0,2
7765327,214716943,1,1
7765327,214717003,S,2
7706409,214701787,1,1
7706409,214851279,S,1
7725528,214684715,S,1
7683449,214850762,S,1
7683449,214850756,S,1
7683449,214515847,7,1
7670137,214849807,S,1
7691752,214853657,S,1
7691752,214712237,S,1
7648024,214565593,5,1
7648024,214837455,5,1
7648024,214565593,5,1
7661521,214537282,1,1
7658258,214836322,6,1
7658258,214836320,6,1
7604147,214667859,3,1
7604147,214832430,4,1
7631108,214507331,6,2
7591737,214557838,0,2
7595436,214538769,2,1
7595436,214561974,2,1
7583507,214695407,S,1
7555197,214716984,S,1
7544157,214632362,2,1
7544157,214632356,2,1
7544157,214632337,1,1
7544157,214632367,2,1
7544157,214632362,2,1
7544157,214632328,2,1
7544157,214632326,1,1
7544157,214710902,1,1
7548179,214832591,6,1
7548179,214849055,S,1
7529216,214696824,S,6
7514358,214850282,S,2
7493571,214695067,6,1
7493571,214695069,6,1
7493571,214844394,S,1
7493571,214844439,S,1
7493571,214844394,S,1
7493571,214829398,6,1
7493571,214596386,2,1
7493571,214596384,2,1
7493571,214847846,4,1
7493571,214847844,4,1
7493571,214544535,4,1
7471467,214850413,S,1
7484138,214716935,S,1
7484138,214821020,S,1
7461557,214701780,6,1
7449142,214534271,0,1
7449142,214848407,7,1
7957598,214684764,0,1
7940012,214687959,5,1
7940012,214687963,5,2
7935449,214602806,S,1
7935449,214585644,S,1
7935449,214602806,S,1
7981811,214851032,S,1
7981811,214561475,S,1
7981811,214574777,S,1
7978419,214546123,2,1
7978419,214686086,2,1
7893987,214820242,2,1
7893987,214512431,2,1
7882658,214516136,S,1
7882658,214580351,S,1
7869336,214851167,S,2
7925381,214716982,S,2
7911947,214836804,2,1
7911947,214672963,0,1
7911947,214537457,2,1
7899531,214853177,S,1
8457756,214716671,S,1
8457756,214851579,S,1
8457756,214716671,S,1
8457756,214716746,S,1
8457756,214716714,S,1
8457756,214684942,S,1
8457756,214851163,S,1
8457756,214851165,S,1
8457756,214716746,S,1
8457756,214574777,S,1
8457756,214853184,S,1
8457756,214853135,S,1
8457756,214853190,S,1
8457756,214853227,S,1
8457756,214716746,S,1
8457756,214853184,S,1
8457756,214716671,S,1
8457756,214558192,S,1
8457756,214716714,S,1
8333167,214851133,S,1
8333167,214846117,S,1
8333167,214853188,S,1
8341669,214853173,S,2
8471444,214551626,S,1
8471444,214844441,S,2
8481509,214850630,S,1
8481509,214851581,S,1
8481509,214851122,S,1
8359439,214853122,S,1
8359439,214651554,0,1
8365156,214851242,S,1
8365156,214851315,S,1
8365156,214691390,0,1
8371299,214716746,S,1
8371299,214716714,S,1
8371299,214851131,S,1
8377016,214560013,2,1
8377016,214636505,2,1
8512824,214849018,S,2
8388616,214684093,6,1
8399514,214850630,S,3
8401587,214851581,S,1
8277564,214851028,S,1
8277564,214851080,S,1
8277564,214851131,S,1
8287781,214573820,S,1
8287781,214714665,S,1
8294664,214850936,S,1
8294664,214850405,S,1
8294664,214853184,3,1
8294664,214820394,S,1
8294664,214783350,S,1
8428293,214849327,S,2
8428293,214828970,S,1
8428293,214717284,S,1
8428293,214553702,S,1
8428293,214652278,1,1
8428293,214530371,1,1
8428293,214530457,S,1
8299416,214849048,S,2
8299416,214850413,S,1
8441357,214748289,S,1
8441357,214850932,S,2
8441357,214555237,S,1
8441357,214848823,S,1
8441357,214587028,S,1
8441357,214718216,S,1
8441357,214640893,0,1
8441357,214838503,0,1
8441357,214840483,0,1
8441357,214559660,0,1
8319271,214716930,S,1
8319271,214716932,S,1
8319271,214716935,S,1
8319271,214716982,S,1
8319271,214716986,S,1
8319271,214854572,1,1
8452734,214582400,4,2
8452734,214853085,3,1
8594299,214853177,S,3
8594299,214853175,S,1
8586949,214851322,S,1
8586949,214567410,S,1
8586949,214602806,S,1
8210772,214851317,S,1
8210772,214852978,S,1
8238702,214850934,S,1
8249593,214851122,S,1
8249593,214851133,S,1
8249593,214844347,S,1
8249593,214851313,S,1
8249593,214580424,S,1
8245848,214711267,S,1
8535347,214716714,S,1
8535347,214851163,S,1
8535347,214851131,S,1
8521309,214639661,1,1
8521309,214840378,S,1
8546324,214851581,S,1
8546324,214846067,S,1
8546324,214706102,3,1
8151606,214646025,7,2
8145003,214851011,S,1
8145003,214564382,S,1
8563562,214582387,0,1
8563562,214836785,S,1
8164111,214853173,S,1
8164111,214714014,1,1
8162069,214560615,3,2
8582996,214851167,S,1
8582996,214851242,S,1
8183302,214851075,S,1
8079709,214849031,S,1
8079709,214851099,S,1
8079709,214691563,0,1
8079709,214843494,S,1
8079709,214843505,2,1
8092664,214851163,S,1
8092664,214851234,S,1
8092664,214851131,S,1
8092664,214851234,S,1
8092664,214851165,S,1
8092664,214662763,S,1
8072451,214546719,7,1
8072451,214844409,S,1
8114769,214851236,S,1
8114769,214850630,S,1
8114769,214845885,S,1
8095554,214718207,S,1
8095554,214847942,S,1
8017617,214844158,S,1
8017617,214509403,S,1
8017617,214844154,7,1
8017617,214586927,7,1
8017617,214844154,7,1
8021197,214850730,S,1
8007413,214849040,6,1
8055972,214849740,0,2
8042607,214851133,S,1
8042607,214849031,S,1
8042607,214578350,S,1
8042607,214851322,S,2
8042607,214851133,S,1
9015356,214851028,S,1
9015356,214716654,S,1
9015356,214839255,9,1
9028921,214509013,S,1
9028921,214844173,7,1
9028921,214844160,7,1
9028921,214844171,7,2
9041748,214716671,S,1
9041748,214851028,S,1
8989709,214853094,S,2
9001597,214850949,S,1
9001597,214853422,S,1
9001597,214850949,S,1
8951316,214582770,S,2
8954887,214853252,S,1
8954887,214853160,S,1
8974598,214844441,S,1
8913117,214851146,S,1
8913117,214583610,S,1
8934508,214851322,S,2
8938747,214851135,S,1
8938747,214846391,S,1
9145536,214853135,S,2
9145536,214853227,S,1
9145536,214853233,S,1
9174016,214853173,S,1
9174016,214849785,1,1
9174016,214849783,1,1
9174016,214849785,1,1
9174016,214544612,1,1
9174016,214853122,S,1
9174016,214849535,1,1
9174016,214828882,S,1
9174016,214546991,1,1
9174016,214761838,S,2
9117824,214851165,S,1
9117824,214851097,S,1
9117824,214851131,S,1
9117824,214851020,S,1
9117824,214851101,S,1
9114257,214559220,1,2
9127036,214844197,7,1
9127036,214844190,7,1
9087113,214851750,S,1
9102328,214714665,S,1
9102328,214573820,S,1
9102328,214848302,S,1
9060018,214600483,1,1
9060018,214851028,S,1
9047314,214588676,0,1
9067398,214853225,S,1
9067398,214853094,S,4
9181436,214851326,S,1
9181436,214853158,S,1
9186136,214574670,3,1
9186136,214574672,S,1
9186136,214574670,3,1
8613221,214851146,S,1
8630907,214851590,S,1
8630907,214851583,S,1
8618207,214851150,S,1
8618207,214851294,S,1
8618207,214851146,S,1
8618207,214546025,S,1
8641273,214851317,S,1
8641273,214851097,S,1
8736693,214832143,S,1
8723106,214838252,6,1
8723106,214849432,6,1
8727283,214582950,S,1
8779723,214555590,4,1
8751066,214850285,1,1
8751066,214678387,S,1
8751066,214853094,S,1
8751066,214851326,S,2
8751066,214853090,S,1
8751066,214853094,S,1
8669591,214851326,S,1
8669591,214844321,S,1
8669591,214691267,S,1
8669591,214853420,S,1
8669591,214852040,S,1
8669591,214853156,S,1
8669591,214844400,S,1
8669591,214844396,S,1
8669591,214853156,S,1
8669591,214668185,3,1
8669591,214746380,0,1
8669591,214849284,3,1
8669591,214665277,3,1
8669591,214851290,S,1
8669591,214561494,3,1
8669591,214583670,3,1
8681899,214567404,S,1
8681899,214851028,S,1
8681899,214716581,S,2
8662179,214852978,S,1
8704907,214851577,S,1
8704907,214851292,S,1
8689906,214846258,S,1
8689906,214850711,S,1
8689906,214853420,S,1
8689906,214846072,S,1
8689906,214853456,S,1
8689906,214853330,S,1
8689906,214853152,S,1
8689906,214554793,S,1
8876128,214846119,S,1
8876128,214851742,S,1
8876128,214691390,0,1
8876128,214853165,S,1
8876128,214678376,S,1
8876128,214853087,S,1
8876128,214846119,S,1
8876128,214849010,S,1
8876128,214678376,S,1
8863789,214667889,1,1
8863789,214560122,1,1
8863789,214839913,S,1
8863789,214844351,1,2
8863789,214839913,S,1
8852633,214509013,S,1
8852633,214844158,S,1
8907389,214678376,S,1
8907389,214853165,S,1
8907389,214853128,S,1
8907389,214851742,S,1
8907389,214678376,S,1
8907389,214853165,S,1
8907389,214853107,S,1
8894686,214820775,5,2
8882884,214853190,S,1
8882884,214835034,0,2
8882884,214716746,S,1
8882884,214716671,S,1
8882884,214851579,S,1
8882884,214851165,S,1
8882884,214851131,S,1
8882884,214853190,S,1
8882884,214835034,0,1
8799871,214853094,S,1
8799871,214850630,S,1
8799871,214651517,S,1
8794324,214639479,1,1
8839967,214853122,S,2
8835254,214678387,S,1
8815738,214580469,5,1
8815738,214819727,5,1
9294906,214638472,4,1
9294906,214837425,4,1
9273377,214580790,4,1
9273377,214537882,4,1
9286688,214853760,S,1
9286688,214579220,S,1
9286688,214853762,S,1
9286688,214558955,1,1
9286688,214717860,1,1
9286688,214836956,S,1
9267483,214537434,2,1
9267483,214535051,S,1
9248368,214640015,6,2
9248368,214710159,S,1
9248368,214640015,6,1
9228831,214850949,S,2
9232387,214573847,1,2
9219032,214859062,S,1
9219032,214640351,S,1
9219032,214638474,S,1
9206944,214853364,S,1
9206944,214853366,S,1
9434192,214852978,S,2
9412676,214853094,S,1
9408631,214853366,S,1
9408631,214853402,S,1
9408631,214853347,S,1
9391416,214853094,S,1
9391416,214853090,S,2
9391416,214853096,S,1
9391416,214852982,S,1
9391416,214845973,S,1
9386589,214853767,S,1
9386589,214854165,S,1
9386589,214854017,S,1
9386589,214853865,S,1
9386589,214853413,S,1
9366443,214582387,0,1
9355106,214853420,S,1
9355106,214853454,S,1
9355106,214853420,S,1
9342966,214552509,1,1
9327301,214853077,S,1
9314821,214707815,1,1
9314821,214643064,1,1
9449408,214853261,S,1
9449408,214842474,S,1
9449408,214853379,S,1
9444819,214851332,S,1
9444819,214584830,S,1
9456446,214828963,S,1
9456446,214828970,S,1
9456446,214849327,S,1
9483468,214561485,3,1
9483468,214850743,3,1
9483468,214850771,3,1
9498359,214853132,S,1
9498359,214853195,S,1
9498359,214851750,S,1
9498359,214586645,6,1
9498359,214829825,6,2
9493733,214830896,11,1
9493733,214831513,11,1
9493733,214853396,S,1
9507683,214586619,7,1
9529237,214711307,S,2
9529237,214850949,S,1
9550554,214853996,S,2
9550554,214854172,S,2
9550554,214854146,S,2
9539079,214645972,7,1
9539079,214705117,1,1
9539079,214553810,S,1
9539079,214853263,S,1
9539079,214852987,S,1
9539079,214537496,0,1
9539079,214553810,S,1
9558711,214845973,S,1
9558711,214853330,S,1
9558711,214853152,S,1
9573044,214849239,3,1
9573044,214853385,3,1
9573044,214848337,3,1
9573044,214851290,3,1
9586608,214854017,S,1
9586608,214853865,S,1
9586608,214854146,S,1
9598369,214853214,S,1
9598369,214853252,S,1
9615149,214853420,S,1
9615149,214850947,S,1
9615149,214578645,6,1
9626421,214847261,0,1
9626421,214575667,0,1
9637192,214853422,S,1
9637192,214850942,S,1
9656707,214856582,1,1
9656707,214531550,0,1
9656707,214856582,1,1
9656707,214644444,1,1
9656707,214711965,1,1
9656707,214644444,1,1
9656707,214711965,1,1
9656707,214856582,1,1
9660974,214705792,S,1
9679227,214850949,S,3
9684946,214574777,S,1
9684946,214700990,S,2
9684946,214574777,S,1
9684946,214700990,S,1
9684946,214574777,S,1
9724277,214853212,S,1
9724277,214853342,S,1
9720677,214844171,7,1
9701724,214850949,S,1
9701724,214853330,S,1
9756181,214828982,3,1
9735236,214846357,9,2
10004226,214711537,S,1
10004226,214677757,S,1
10004226,214711537,S,1
10004226,214711524,S,1
10004226,214711537,S,1
10023416,214568109,0,2
10011251,214696826,5,1
10011251,214696824,5,1
10011251,214696826,5,1
9969529,214546029,2,2
9987889,214839594,0,2
10070413,214821377,S,1
10070413,214853632,S,1
10070413,214717888,S,1
10066307,214821377,S,1
10066307,214854125,S,1
10066307,214849320,S,1
10066307,214837286,S,1
10079576,214854176,S,1
10079576,214854148,S,2
10079576,214853848,S,1
10079576,214853865,S,1
10040211,214718160,S,1
10051954,214853713,S,1
10051954,214853702,S,1
10051954,214853700,S,1
10051954,214853767,S,1
10051954,214853707,S,1
10051954,214718160,S,1
10051954,214850771,S,1
10048264,214851714,S,1
10140061,214853698,S,1
10140061,214853730,S,1
10140061,214853707,S,1
10140061,214729584,11,1
10140061,214853677,S,1
10140061,214848757,S,1
10145654,214606982,7,1
10096098,214853420,S,1
10115268,214854555,0,1
10115268,214850792,S,1
10115268,214853435,S,1
10115268,214853852,S,1
10115268,214853848,S,1
10115268,214853994,S,1
10115268,214854148,S,1
10115268,214854159,S,2
10119916,214574777,2,1
10119916,214700992,S,1
10119916,214561937,2,1
10200728,214854065,S,1
10211533,214853402,S,1
10211533,214854165,S,1
10211533,214551583,S,1
10211533,214851281,S,1
10211533,214853996,S,1
10211533,214711524,S,1
10161071,214853090,3,1
10161071,214853096,3,1
10161071,214853090,3,1
10161071,214853096,3,1
10172884,214854163,S,2
10185981,214853700,S,1
10185981,214857167,S,1
9761542,214853713,S,1
9761542,214853700,S,1
9790636,214853707,S,1
9790636,214853702,S,1
9790636,214853698,S,1
9790636,214853765,S,1
9790636,214853730,S,1
9790636,214854152,S,1
9790636,214846258,S,1
9790636,214846344,S,2
9790636,214832156,S,1
9790636,214836956,S,1
9790636,214854125,S,1
9777751,214826752,S,1
9777751,214612895,S,1
9764987,214853698,S,1
9821096,214850949,S,1
9809172,214853122,1,1
9848628,214853702,S,1
9860287,214850293,7,1
9838693,214509776,2,2
9884156,214853347,S,1
9864646,214854298,S,1
9864646,214845583,S,1
9864646,214854540,S,1
9864646,214854298,S,1
9876889,214828970,S,1
9876889,214849327,S,1
9927574,214853996,S,1
9927574,214854176,S,1
9927574,214854148,S,1
9927574,214853994,S,1
9927574,214853846,S,1
9899231,214853402,S,2
9951211,214853353,S,1
9951211,214853430,S,1
9954756,214853113,3,1
9954756,214849363,3,1
9954756,214853855,3,1
9954756,214845982,3,1
9954756,214853726,3,1
9941979,214714693,6,1
9941979,214710062,S,1
10281434,214718169,S,2
10281434,214718220,S,1
10281434,214853722,S,1
10267281,214853248,S,2
10253881,214652422,1,1
10253881,214530369,1,1
10241093,214684762,S,1
10241093,214854358,S,1
10241093,214853855,S,1
10231072,214854352,S,1
10231072,214580424,S,1
10231072,214859827,S,1
10338483,214850702,S,1
10338483,214854857,S,1
10338483,214848658,S,1
10338483,214854819,S,1
10338483,214854542,S,1
10338483,214854804,S,1
10335852,214835117,S,1
10335852,214853321,S,1
10319097,214853677,S,1
10319097,214643036,S,1
10297836,214853321,S,4
10294261,214829878,1,1
10294261,214684730,1,1
10294261,214853100,S,1
10294261,214854785,S,1
10418574,214854298,S,1
10391529,214854155,S,1
10376378,214854352,S,1
10376378,214853724,S,1
10376378,214853732,S,1
10376378,214853724,S,1
10381006,214848135,1,1
10381006,214844353,1,1
10381006,214717839,1,1
10381006,214838520,1,1
10367966,214840001,8,1
10367966,214839313,1,1
10367966,214861498,1,1
10367966,214840001,8,1
10476961,214853225,0,1
10476961,214853242,3,1
10476961,214853435,S,1
10476961,214853225,0,1
10476961,214854358,S,1
10476961,214853182,3,1
10455413,214854579,S,1
10455413,214854300,S,1
10455413,214819577,S,1
10455413,214849464,S,1
10455413,214854358,S,1
10455413,214854555,S,1
10455413,214857167,S,1
10455413,214851125,S,1
10455413,214854517,S,1
10455413,214854510,S,1
10455413,214684785,S,1
10455413,214847261,S,1
10455413,214854527,S,1
10455413,214748336,S,1
10455413,214852978,S,1
10455413,214853094,S,1
10455413,214851326,S,1
10455413,214853248,S,1
10466596,214821377,S,2
10446874,214684762,S,1
10446874,214853767,S,2
10446874,214851326,S,1
10427531,214589203,7,2
10427531,214589278,7,1
10711442,214854547,S,1
10711442,214819577,S,1
10711442,214853100,S,1
10711442,214859246,S,1
10711442,214854860,S,1
10711442,214854802,S,1
10711442,214854731,S,1
10711442,214711556,S,1
10711442,214854075,S,1
10711442,214857167,S,1
10711442,214819577,S,1
10711442,214854547,S,1
10699663,214854300,S,1
10699663,214567327,S,1
10699663,214854510,S,1
10686768,214711682,S,1
10686768,214853321,S,1
10686768,214851714,S,1
10686768,214709625,S,1
10743504,214708631,1,1
10729541,214554662,0,2
10729541,214849320,S,1
10717759,214854230,S,1
10717759,214854735,S,1
10634667,214589240,7,1
10634667,214508964,7,1
10620633,214850743,S,1
10620633,214850771,S,1
10620633,214561775,S,1
10620633,214850743,S,1
10620633,214854257,S,1
10620633,214854212,S,1
10620633,214854257,S,1
10620633,214854215,S,1
10620633,214854221,S,1
10620633,214546104,S,1
10620633,214854311,S,1
10620633,214854551,S,1
10620633,214854343,S,1
10678757,214854547,S,1
10678757,214854534,S,1
10678757,214684762,S,1
10659781,214567327,S,1
10655194,214687055,1,1
10655194,214687050,1,1
10583021,214643953,1,1
10554526,214556216,S,1
10554526,214556212,S,1
10604973,214853094,S,2
10609143,214853762,S,1
10609143,214629182,1,1
10609143,214697184,1,1
10609143,214849355,1,1
10609143,214854729,1,1
10609143,214718400,1,1
10609143,214853760,S,1
10609143,214561558,1,1
10609143,214538319,1,1
10609143,214819605,1,1
10609143,214531014,1,1
10609143,214819665,1,1
10609143,214849355,1,1
10597873,214854032,S,2
10508117,214854358,S,1
10508117,214853244,S,1
10508117,214854358,S,2
10486666,214853707,S,1
10498051,214853102,S,1
10498051,214855016,S,1
10546986,214854298,S,1
10546986,214748336,S,1
10546986,214648247,S,1
10546986,214648254,S,1
10546986,214854731,S,1
10546986,214574670,S,2
10525073,214853094,S,1
10525073,214853072,S,1
10525073,214854774,S,1
10525073,214854707,S,1
10525073,214849132,S,1
10751586,214853090,S,1
10751586,214851326,S,1
10751586,214853094,S,1
10763377,214854536,S,1
10763377,214854268,S,1
10775178,214826640,2,1
11243272,214854707,S,1
11243272,214700992,2,1
11243272,214574777,2,1
11235417,214646250,1,1
11235417,214646484,1,1
11235417,214848324,1,1
11215609,214856272,8,2
11210824,214853102,S,1
11210824,214864880,S,1
11197531,214695476,S,1
11197531,214556728,S,1
11184881,214829090,S,1
11184881,214853735,S,1
11184881,214853925,S,1
11184881,214748336,S,1
11171443,214853102,S,1
11156739,214567215,S,2
11145064,214828963,1,1
11134423,214853100,S,1
11134423,214855016,S,1
11134423,214853102,S,1
11113223,214853105,S,1
11113223,214853085,S,1
11094052,214640015,6,4
11107207,214852978,S,1
11107207,214853096,S,1
11107207,214854735,S,1
11107207,214854583,S,1
11087694,214853102,S,1
11087694,214850387,S,1
11087694,214853244,S,1
11059518,214700482,2,1
11059518,214600940,2,1
11059518,214700482,2,1
11059518,214700484,2,1
11048238,214857570,S,1
11048238,214854733,S,1
11053517,214853102,S,2
11039877,214854510,S,1
11039877,214567327,S,1
11011046,214854332,S,1
11011046,214854772,S,1
11011046,214686864,S,1
10960299,214570537,0,1
10960299,214850630,0,1
10948542,214854358,S,1
10948542,214853726,S,1
10948542,214684762,S,1
10948542,214853855,S,1
10948542,214837873,S,1
10948542,214854731,S,1
10948542,214712244,S,1
10948542,214853072,S,1
10968513,214664825,1,2
10968513,214836515,S,1
10986129,214552119,2,1
10986129,214552106,S,1
11007099,214857562,S,1
11007099,214848995,S,1
10995679,214567327,S,1
10995679,214854510,S,1
10995679,214854262,S,1
10995679,214567327,S,1
10995679,214567329,S,1
10995679,214854510,S,1
10995679,214684762,S,1
10995679,214854510,S,1
10995679,214567329,S,1
10995679,214567327,S,1
10995679,214567329,S,1
10995679,214684762,S,1
10881513,214853083,S,1
10881513,214853079,S,1
10881513,214854716,S,1
10881513,214854682,S,1
10881513,214853079,S,1
10881513,214853083,S,1
10881513,214851757,S,1
10881513,214854720,S,1
10881513,214690839,S,1
10881513,214510460,S,1
10896103,214853090,3,1
10896103,214853094,3,1
10896103,214853090,3,1
10896103,214853094,3,1
10896103,214851326,3,1
10927391,214853102,S,1
10927391,214854802,S,1
10927391,214849468,S,1
10927391,214854705,S,1
10927391,214854217,S,1
10927391,214687895,S,1
10939269,214854510,S,1
10939269,214567327,S,1
10939269,214854547,S,1
10934763,214853077,3,2
10825833,214854510,S,1
10830046,214701787,S,1
10830046,214606412,1,1
10853778,214854118,S,1
10857731,214582942,S,1
10877362,214857562,S,1
10877362,214849048,S,1
10877362,214819412,S,1
10877362,214857596,S,1
10782363,214852978,S,1
10782363,214853094,S,2
10794284,214854221,S,1
10794284,214854223,S,1
10806207,214854767,S,1
10806207,214854497,S,1
11271588,214684785,3,1
11271588,214854358,3,3
11271588,214859126,3,2
11271588,214684762,S,1
11271588,214853726,S,1
11271588,214837494,S,1
11271588,214531151,2,1
11271588,214586857,2,1
11271588,214586861,2,1
11271588,214849468,S,1
11554123,214828882,S,1
11554123,214850304,S,1
11549669,214859034,S,1
11549669,214858847,S,1
11549669,214858631,S,1
11549669,214859126,S,1
11512821,214510445,S,1
11508173,214857557,S,1
11508173,214828882,S,1
11521827,214830939,S,1
11481577,214857562,S,1
11494774,214717305,5,1
11491817,214864880,S,2
11491817,214850942,1,1
11491817,214864880,S,1
11442004,214854718,S,1
11442004,214853079,S,1
11442004,214853083,S,1
11442004,214854716,S,1
11461514,214857570,S,1
11461514,214857568,S,1
11461514,214857570,S,1
11461514,214857568,S,1
11461514,214857268,S,1
11461514,214857260,S,1
11461514,214857562,S,1
11461514,214854894,S,1
11419331,214716930,1,2
11406664,214828970,S,1
11406664,214849327,1,1
11406664,214857260,S,1
11406664,214717764,S,1
11406664,214851155,S,1
11406664,214856760,1,1
11406664,214856769,1,1
11427773,214578011,S,1
11427773,214540035,S,1
11427773,214853072,S,1
11376024,214691531,0,1
11376024,214838728,S,1
11387783,214854772,S,1
11387783,214854512,S,1
11399614,214836958,4,1
11399614,214854264,3,1
11399614,214567215,0,1
11399614,214854264,3,2
11399614,214567333,0,1
11399614,214854264,3,1
11350836,214677941,2,2
11350836,214717427,2,1
11350836,214677941,2,1
11363871,214844353,1,1
11363871,214834873,1,1
11363871,214844353,1,1
11363871,214829735,1,1
11307618,214857260,S,1
11328654,214857570,S,1
11328654,214854894,S,1
11328654,214855046,S,1
11328654,214705115,S,1
11333142,214857257,S,1
11285856,214854707,S,2
