13199,214587697,5
26384,214716971,5
39662,214826835,1
39662,214820240,1
39662,214717003,3
52774,214827032,3
52774,214819612,2
64117,214748285,3
64117,214820218,3
79322,214748338,3
79322,214748300,1
79322,214748338,1
82806,214613743,3
82806,214827011,3
105548,214821390,3
105548,214718203,3
110293,214573616,3
110293,214714691,3
128237,214716461,5
147102,214826835,2
147102,214826627,2
147102,214827026,2
154622,214839313,5
158646,214839902,2
158646,214691396,2
158646,214702787,2
165614,214716935,5
194256,214826705,3
194256,214826816,3
198797,214821285,1
198797,214826897,1
198797,214535621,1
198797,214737337,1
198797,214840412,1
211097,214826621,1
211097,214826619,1
211097,214827007,0
211097,214827005,0
211097,214827000,0
211097,214826837,0
211097,214826872,0
211097,214826621,1
211097,214826619,1
211097,214826927,0
211097,214826934,0
211097,214826998,1
211097,214717562,0
211097,214821300,0
211097,214746427,0
211097,214743335,0
220587,214826705,3
220587,214826816,3
238213,214677862,3
238213,214746435,3
256468,214827028,1
256468,214584815,1
256468,214587307,1
256468,214584815,1
256468,214587307,1
272808,214717247,1
272808,214821028,1
272808,214821026,1
272808,214561502,1
272808,214585395,1
281969,214695478,2
281969,214774685,2
281969,214774682,2
294201,214826627,2
294201,214826816,2
294201,214826955,2
296393,214709165,2
296393,214698806,3
309242,214835713,0
309242,214530697,0
309242,214530701,0
309242,214835287,0
309242,214701350,0
309242,214606417,0
309242,214611129,0
309242,214676595,0
309242,214601210,0
309242,214701787,0
309242,214717627,0
309242,214611129,0
309242,214606417,0
309242,214835287,0
309242,214530697,0
309242,214835713,0
309242,214717627,0
309242,214601210,0
309242,214511015,0
309242,214701787,0
309242,214601210,0
309242,214606417,0
309242,214511015,0
309242,214701787,0
309242,214676595,0
309242,214606417,0
309242,214511015,0
309242,214530701,0
309242,214676595,0
309242,214611129,0
309242,214601210,0
309242,214606417,0
309242,214835287,0
309242,214530701,0
309242,214530697,0
309242,214835713,0
309242,214717627,0
317291,214709645,3
317291,214709690,3
331202,214819490,2
331202,214702787,3
359276,214827022,1
359276,214827020,1
359276,214630042,1
359276,214706216,1
375146,214718203,2
375146,214821390,2
375146,214718203,2
384544,214718160,1
384544,214684513,1
384544,214839373,1
384544,214534704,1
388519,214711661,2
388519,214585395,3
397573,214821022,2
397573,214716982,3
402691,214821377,3
402691,214746339,3
422198,214515883,2
422198,214515834,2
422198,214746450,2
441172,214685784,5
445463,214718160,5
462591,214826912,3
462591,214684841,3
476428,214539294,2
476428,214687642,2
476428,214587056,2
489277,214821022,1
489277,214718160,1
489277,214821024,1
489277,214819552,1
489277,214832557,1
489277,214832559,1
499336,214829321,5
509171,214698420,2
509171,214574672,2
509171,214696897,2
521863,214601186,5
538049,214684513,3
538049,214839373,3
541548,214716935,1
541548,214717003,1
541548,214716930,1
541548,214651610,1
541548,214704045,1
559814,214841006,5
579681,214826705,5
584286,214821279,2
584286,214820237,2
584286,214709685,2
596377,214579730,1
596377,214738445,0
596377,214579730,1
596377,214836958,1
596377,214511966,0
596377,214826810,0
596377,214578577,0
596377,214576899,0
596377,214736210,0
609698,214820227,5
620964,214821305,5
623493,214839313,5
634892,214821401,2
634892,214839600,2
634892,214829321,2
648384,214820842,3
648384,214551617,3
658351,214562000,5
670097,214840507,0
670097,214843672,0
670097,214843532,0
670097,214691488,0
670097,214717241,0
670097,214709077,0
670097,214576892,0
670097,214663303,0
670097,214602294,0
670097,214644637,0
670097,214706150,0
670097,214663303,0
670097,214835291,0
670097,214551909,0
670097,214551900,0
670097,214551905,0
671829,214602825,3
671829,214596135,3
692658,214680360,5
714488,214709634,5
726017,214760113,5
730732,214717286,2
730732,214826837,2
730732,214550259,2
739067,214827005,1
739067,214544327,1
739067,214559259,1
739067,214568402,1
739067,214832473,1
739067,214830990,1
739067,214768262,1
757277,214826747,2
757277,214717877,2
757277,214508563,2
785094,214746446,2
785094,214717301,2
785094,214687875,2
786462,214835285,1
786462,214530705,1
786462,214835285,1
786462,214835287,1
786462,214530705,1
786462,214835285,1
817219,214574917,5
825047,214656290,2
825047,214648391,1
825047,214656290,2
828648,214819419,1
828648,214836052,1
828648,214819496,1
828648,214819610,1
828648,214668249,1
828648,214559660,1
828648,214820844,1
828648,214612762,1
828648,214811752,1
835788,214717003,5
853576,214826617,1
853576,214826615,1
853576,214717877,1
853576,214711280,1
865316,214844357,2
865316,214821307,2
865316,214821339,2
873326,214844825,1
873326,214821277,1
873326,214845148,2
895607,214839371,2
895607,214594616,2
895607,214839369,2
904714,214509000,5
917178,214706102,1
917178,214819387,1
917178,214586923,1
917178,214748334,1
917178,214753515,1
917178,214744535,1
917178,214826876,1
928676,214820252,1
928676,214746388,2
928676,214748300,1
928676,214546217,1
940482,214838188,3
940482,214838190,3
957268,214537753,5
970714,214842352,1
970714,214508942,1
970714,214536697,1
970714,214586983,2
982894,214829085,5
984051,214829321,2
984051,214748336,1
984051,214748336,1
984051,214839600,1
984051,214819430,0
1005436,214601407,5
1008527,214829042,5
1031889,214545935,2
1031889,214714880,3
1034778,214829004,3
1034778,214758399,2
1063071,214820805,3
1063071,214601233,3
1071163,214544921,3
1071163,214833309,3
1076289,214716980,2
1076289,214716973,2
1076289,214716939,1
1082538,214821305,2
1082538,214551626,2
1082538,214827017,2
1110547,214674416,3
1110547,214646550,3
1119266,214676042,5
1139404,214829004,3
1139404,214601542,3
1147624,214827009,3
1147624,214711297,3
1162854,214587898,1
1162854,214820805,1
1162854,214579837,1
1162854,214579839,1
1168997,214827009,5
1187213,214826816,2
1187213,214842506,2
1187213,214826705,2
1198883,214512425,2
1198883,214512416,2
1198883,214512425,2
1210713,214833290,0
1210713,214832595,0
1210713,214832597,0
1210713,214833320,0
1210713,214833343,0
1210713,214833290,0
1210713,214832595,0
1210713,214833470,0
1210713,214833523,0
1210713,214832578,0
1210713,214832580,0
1210713,214835231,0
1210713,214657145,0
1222132,214828995,0
1222132,214829100,0
1222132,214586743,0
1222132,214826805,0
1222132,214834877,0
1222132,214828978,0
1222132,214820807,2
1222132,214821392,0
1222132,214821317,0
1222132,214820807,0
1234291,214841006,2
1234291,214512425,2
1234291,214826184,2
1251342,214537967,3
1251342,214754066,3
1256107,214840597,3
1256107,214584939,3
1270199,214510447,5
1293444,214829327,5
1297399,214700610,5
1324803,214820261,1
1324803,214820263,1
1324803,214829861,1
1324803,214820263,1
1324803,214820261,1
1324803,214829861,1
1327551,214699449,1
1327551,214539390,1
1327551,214829312,1
1327551,214539390,1
1327551,214546123,1
1347453,214692590,2
1347453,214717817,2
1347453,214838555,2
1366946,214541679,3
1366946,214575347,3
1370134,214832557,2
1370134,214725532,2
1370134,214832557,2
1381238,214826589,3
1381238,214821412,3
1394683,214710328,3
1394683,214678524,3
1407861,214697615,3
1407861,214537112,1
1407861,214537115,1
1411414,214552048,1
1411414,214552048,1
1411414,214645871,1
1411414,214711297,1
1411414,214711297,1
1424198,214837425,5
1437116,214706445,3
1437116,214714880,1
1437116,214706445,1
1443967,214826615,2
1443967,214829366,2
1443967,214828972,2
1456378,214714880,3
1456378,214832595,3
1465548,214638476,5
1482113,214833802,5
1500579,214571895,0
1500579,214571904,0
1500579,214571895,1
1500579,214828991,0
1500579,214821395,1
1500579,214828991,0
1500579,214842555,1
1500579,214821296,1
1500579,214834869,1
1500579,214705740,0
1511138,643078783,5
1538181,214530705,3
1538181,214701354,3
1554078,214821315,5
1560986,214553855,1
1560986,214829257,1
1560986,214829852,1
1560986,214600492,1
1560986,214821300,1
1560986,214820392,1
1560986,214829366,1
1560986,214834880,1
1560986,214829257,1
1565578,214512611,1
1565578,214629253,1
1565578,214530710,1
1565578,214835120,1
1565578,214530705,1
1588646,214601805,1
1588646,214829747,1
1588646,214826780,1
1588646,214829747,1
1590303,214829366,2
1590303,214826874,2
1590303,214832670,2
1603172,214829715,5
1610767,214828997,5
1630358,214553702,5
1653561,214677654,1
1653561,214545525,1
1653561,214684093,1
1653561,214571904,1
1653561,214663055,1
1653561,214571934,1
1653561,214663055,1
1661859,214829042,5
1665423,214842371,3
1665423,214842369,3
1675851,214698420,3
1675851,214821407,3
1679412,214715490,1
1679412,214715285,1
1679412,214715280,1
1679412,214715490,1
1688797,214531151,5
1710038,214843517,3
1710038,214840978,3
1713107,214834880,3
1713107,214829392,3
1734358,214507492,5
1752759,214829715,3
1752759,214829722,3
1755879,214694289,5
1779586,214844441,1
1779586,214551617,1
1779586,214844441,2
1779586,214821309,1
1790198,214826705,5
1796091,214711721,3
1796091,214548568,3
1803316,214836761,1
1803316,214835777,1
1803316,214835782,1
1803316,214841060,1
1803316,214840597,1
1814336,214829861,5
1828013,214636507,5
1838457,214717541,3
1838457,214828961,3
1849762,214834944,3
1849762,214687792,3
1862931,214835752,2
1862931,214831931,1
1862931,214709792,1
1862931,214837877,1
1862931,214835512,1
1862931,214831931,1
1871898,214828959,1
1871898,214828965,1
1871898,214547814,1
1871898,214821317,1
1885471,214587898,5
1898253,214759912,5
1910404,214828995,1
1910404,214819524,1
1910404,214641412,1
1910404,214829865,1
1910404,214641412,1
1910404,214550636,1
1929874,214838859,1
1929874,214561687,1
1929874,214845502,1
1929874,214717528,1
1937382,214831931,3
1937382,214829381,3
1956653,214821317,2
1956653,214826666,2
1956653,214826662,2
1960064,214541355,1
1960064,214700990,1
1960064,214663310,1
1960064,214708374,1
1966382,214828970,5
1995242,214567057,3
1995242,214646632,3
2006908,214829822,3
2006908,214677757,3
2010476,214835752,3
2010476,214709792,3
2017681,214826175,3
2017681,214769045,3
2041189,214834871,3
2041189,214829327,2
2051403,214574777,2
2051403,214700990,2
2051403,214630042,2
2064166,214836324,1
2064166,214556840,1
2064166,214829878,1
2064166,214836407,1
2064166,214705736,1
2068943,214829880,3
2068943,214826977,3
2090298,214638474,3
2090298,214674572,2
2103137,214828959,2
2103137,214834873,2
2103137,214828959,2
2129543,214709792,2
2129543,214835752,3
2144122,214596172,3
2144122,214587377,3
2147874,214676486,5
2160152,214677300,1
2160152,214677337,1
2160152,214712936,1
2160152,214834877,1
2175782,214838261,1
2175782,214717046,1
2175782,214717406,1
2175782,214838259,1
2175782,214835752,1
2175782,214712229,1
2175782,214827069,1
2193457,214829852,1
2193457,214829280,1
2193457,214687852,1
2193457,214829321,1
2193457,214706102,1
2197688,214551780,2
2197688,214612895,3
2213887,214602568,3
2213887,214512429,3
2230707,214532064,5
2252039,214834869,3
2252039,214717725,3
2256278,214831946,3
2256278,214831948,3
2276443,214832720,3
2276443,214821277,3
2280248,214826897,5
2299442,214551626,3
2299442,214844460,1
2299442,214551626,1
2310688,214829861,5
2322967,214828989,5
2328679,214550582,5
2341826,214769045,5
2355059,214828989,3
2355059,214509830,3
2363736,214820394,1
2363736,214829660,1
2363736,214829385,1
2363736,214836328,1
2363736,214829850,1
2363736,214829852,1
2363736,214831967,1
2363736,214819721,1
2376822,214829379,3
2376822,214826711,3
2389599,214829366,2
2389599,214560587,2
2389599,214574672,2
2403693,214712270,5
2415412,214831967,5
2430744,643078800,5
2434406,214845538,1
2434406,214821324,1
2434406,214711271,1
2434406,214820214,1
2434406,214565512,1
2434406,214696792,1
2434406,214835512,1
2434406,214836515,1
2453582,214578650,5
2470528,214829857,5
2475068,214645003,1
2475068,214712289,1
2475068,214685998,1
2475068,214677922,1
2475068,214645003,1
2475068,214677922,1
2498089,214638485,2
2498089,214837425,2
2498089,214837417,2
2501689,214835694,1
2501689,214835739,1
2501689,214811752,1
2501689,214839905,1
2509012,643078783,5
2537268,214829390,3
2537268,214835132,3
2545552,214587956,3
2545552,214586818,3
2549228,214832728,2
2549228,214587609,2
2549228,214835717,2
2562048,214754516,1
2562048,214744237,1
2562048,214826244,1
2562048,214744235,1
2562048,214749982,1
2583799,214686082,1
2583799,214714757,1
2583799,214831946,2
2583799,214829880,1
2583799,214580190,1
2592253,214556840,1
2592253,214712132,1
2592253,214832670,1
2592253,214845527,1
2601384,214706460,3
2601384,214826662,3
2611532,214712229,5
2635778,214589257,3
2635778,214578645,3
2642098,643078800,5
2649143,214829882,3
2649143,214829885,3
2657726,214829368,5
2684759,214712235,0
2684759,214835165,0
2684759,214831946,1
2684759,214602605,0
2684759,214712235,1
2684759,214581489,1
2684759,214829090,0
2684759,214705736,0
2684759,214846057,1
2684759,214581489,0
2684759,214712235,0
2694906,643078800,5
2713643,214554748,3
2713643,214829006,3
2720996,214573355,1
2720996,214584785,1
2720996,214746382,1
2720996,214567875,1
2733891,214537455,5
2740311,214744485,5
2752516,214585072,3
2752516,214585001,3
2764888,214842429,3
2764888,214836823,1
2764888,214835462,1
2778321,214537487,3
2778321,214546959,3
2791961,214587384,5
2803887,214837417,1
2803887,214837419,1
2803887,214638474,1
2803887,214837425,1
2803887,214821347,1
2816701,214832124,2
2816701,214821407,2
2816701,214579875,2
2821854,214508287,3
2821854,214507331,3
2840691,214687839,2
2840691,214569727,1
2840691,214687839,2
2845691,214835017,1
2845691,214835747,1
2845691,214587712,1
2845691,214835747,1
2845691,214826565,1
2845691,214587697,1
2845691,214657322,1
2845691,214835017,1
2845691,214835019,1
2864802,643078800,5
2870968,214589600,3
2870968,214836521,3
2886853,214748300,5
2906128,214612704,1
2906128,214551624,1
2906128,214533022,1
2906128,214844454,1
2906128,214826822,1
2906128,214643925,1
2906128,214748289,1
2906128,214769045,1
2909389,214698581,5
2922201,214509084,3
2922201,214539845,3
2925746,214584815,3
2925746,214836785,3
2945542,214832124,1
2945542,214557223,2
2945542,214821407,1
2945542,214832128,1
2945542,214832115,1
2950116,214533022,3
2950116,214716932,3
2961508,214836532,2
2961508,214677965,2
2961508,214832017,2
2974407,214638474,5
2992761,214835017,3
2992761,214835747,1
2992761,214835017,1
3006196,643078800,5
3022276,214539193,5
3042071,214586722,5
3057081,214652953,5
3064132,214512630,5
3076467,214706216,2
3076467,214668759,2
3076467,214640019,2
3084031,214820259,3
3084031,214546772,3
3110918,214638941,1
3110918,214534635,1
3110918,214677566,1
3110918,214638941,1
3110918,214638840,1
3117441,214846520,3
3117441,214846451,3
3121971,214609325,2
3121971,214834867,2
3121971,214609325,2
3133843,214716926,3
3133843,214716928,3
3160867,643078800,5
3165577,214844420,1
3165577,214569240,1
3165577,214844936,1
3165577,214514640,1
3165577,214644339,1
3165577,214844936,1
3165577,214569240,1
3179577,214835263,1
3179577,214600931,1
3179577,214600927,1
3179577,214636768,1
3179577,214536892,1
3179577,214836834,1
3199691,214836847,1
3199691,214832128,1
3199691,214836847,1
3199691,214832126,1
3203163,214836530,1
3203163,214836851,1
3203163,214836530,1
3203163,214834867,1
3203163,214587028,1
3217362,214826711,3
3217362,214820810,3
3228482,214836830,1
3228482,214829762,0
3228482,214714697,0
3228482,214826975,0
3228482,214836926,0
3228482,214832780,0
3228482,214838111,0
3228482,214835137,0
3228482,214826670,0
3228482,214835019,0
3228482,214839251,0
3240718,214551493,1
3240718,214845735,1
3240718,214700621,1
3240718,214639991,1
3244589,214587437,2
3244589,214536412,2
3244589,214535595,2
3256871,214829079,1
3256871,214826803,2
3256871,214820227,1
3256871,214829079,1
3256871,214842555,1
3270386,214708267,0
3270386,214601173,0
3270386,214835402,0
3270386,214613799,0
3270386,214710915,0
3270386,214708252,0
3270386,214835246,0
3270386,214708254,0
3270386,214708256,0
3270386,214835250,0
3270386,214708258,0
3270386,214701234,0
3278308,214836521,5
3290998,214821315,3
3290998,214612706,3
3298127,214551626,3
3298127,214844441,3
3316388,214554382,0
3316388,214531434,0
3316388,214717787,0
3316388,214717770,0
3316388,214531597,1
3316388,214690781,0
3316388,214717770,0
3316388,214690781,0
3316388,214826975,0
3316388,214829825,0
3316388,214586645,0
3337301,214512429,5
3349217,214832115,2
3349217,214832124,2
3349217,214709645,2
3352716,214706180,2
3352716,214832128,2
3352716,214835107,2
3362033,214835122,2
3362033,214832115,2
3362033,214711575,2
3391359,214836530,3
3391359,214828991,3
3402333,214835132,3
3402333,214829364,2
3408311,214829852,3
3408311,214829773,3
3438431,214836534,3
3438431,214820396,3
3448566,643078800,5
3452003,214836530,3
3452003,214829750,3
3459161,214832126,5
3477311,214516149,5
3489584,214840571,1
3489584,214555237,1
3489584,214702719,1
3489584,214701827,1
3496932,214652934,1
3496932,214532107,1
3496932,214709735,1
3496932,214706180,1
3496932,214832017,1
3496932,214589548,1
3496932,214589632,1
3496932,214645295,1
3496932,214652934,1
3517133,214753661,5
3526166,214701787,3
3526166,643078800,3
3538502,214690824,1
3538502,214842377,1
3538502,214534215,1
3538502,214848114,1
3538502,214663310,1
3543362,214826983,1
3543362,214826829,1
3543362,214718396,1
3543362,214829878,1
3543362,214718396,1
3543362,214829878,1
3556448,214606395,5
3573494,214829030,3
3573494,214820265,1
3573494,214829030,1
3585242,214846982,5
3597646,214836924,1
3597646,214829765,0
3597646,214835109,0
3597646,214836932,0
3597646,214838227,0
3597646,214826990,0
3597646,214829799,0
3597646,214820402,1
3597646,214829799,0
3597646,214848729,0
3606791,214837410,3
3606791,214745278,3
3628474,214640353,1
3628474,214844360,1
3628474,214560587,1
3628474,214831942,1
3628474,214839915,1
3628474,214819410,1
3632441,214561496,3
3632441,214839356,3
3649642,214560587,3
3649642,214714697,3
3655751,214577293,3
3655751,214714710,3
3674489,643078800,3
3674489,214829788,1
3674489,214826662,1
3687528,214836729,5
3700343,214600502,3
3700343,214820439,3
3713286,214844154,3
3713286,214844160,3
3727207,214561496,5
3739281,214714682,3
3739281,214571143,3
3758667,214835604,2
3758667,214836827,2
3758667,214837438,2
3762682,214829102,2
3762682,214836881,2
3762682,214829102,2
3782383,214829317,2
3782383,214820261,2
3782383,214584815,2
3784791,214685788,2
3784791,214840562,2
3784791,214685788,2
3808421,214839373,1
3808421,214684513,1
3808421,214840541,1
3808421,214684372,1
3808421,214840541,1
3813044,214835109,1
3813044,214835167,1
3813044,214515870,1
3813044,214613741,1
3820122,214836932,2
3820122,214836924,2
3820122,214836932,2
3847339,214836870,2
3847339,214836795,3
3857559,214557367,1
3857559,214575431,1
3857559,214573494,1
3857559,214636513,1
3857559,214636517,1
3858456,214837252,5
3871252,214695480,3
3871252,214695476,3
3892962,214836926,3
3892962,214838225,2
3901448,214834877,5
3914683,214842735,3
3914683,214839982,2
3922641,214676962,2
3922641,214712507,2
3922641,643078800,2
3941657,214826990,2
3941657,214595150,2
3941657,214836795,2
3948992,214819438,1
3948992,214835694,1
3948992,214839620,1
3948992,214835739,1
3948992,214836947,1
3948992,214839622,1
3948992,214836120,1
3961292,214602568,1
3961292,214580291,1
3961292,214840419,1
3961292,214840590,1
3967293,214821407,3
3967293,214820392,3
3980103,214743815,3
3980103,214823087,3
3988444,214836924,3
3988444,214829762,3
4013106,214829762,1
4013106,214838861,1
4013106,214516723,1
4013106,214508225,1
4013106,214516723,1
4013106,214838861,1
4013106,214650645,1
4024047,214829042,1
4024047,214672944,1
4024047,214829715,1
4024047,214573612,1
4024047,214829715,1
4024047,214839982,1
4030247,214838107,2
4030247,214829797,2
4030247,214838107,1
4034869,214645005,3
4034869,214839592,3
4039327,214602817,3
4039327,214839371,3
4048269,214700002,2
4048269,214743515,2
4048269,214712237,2
4054917,214829792,2
4054917,214845508,2
4054917,214829792,2
4059024,214828970,1
4059024,214553700,1
4059024,214710152,1
4059024,214558331,1
4059024,214738453,1
4085016,214832124,1
4085016,214677401,2
4085016,214677512,1
4085016,214677401,1
4103362,214839915,2
4103362,214839973,2
4103362,214832147,2
4108797,214585631,5
4136446,214602605,5
4148043,214829773,1
4148043,214847968,1
4148043,214829102,1
4148043,214826713,1
4148043,214836881,1
4150092,214613902,3
4150092,214848729,3
4166267,214829846,5
4175861,214847649,1
4175861,214613741,3
4175861,214595150,1
4186838,214577057,2
4186838,214843554,2
4186838,214831970,2
4193019,214684513,5
4205794,214554131,1
4205794,214586591,1
4205794,214646207,1
4205794,214677508,1
4223197,214820263,2
4223197,214821277,3
4243783,214821285,3
4243783,214826803,3
4262049,214652428,3
4262049,214652439,3
4264616,214706165,5
4268773,214826623,0
4268773,214820214,0
4268773,214534220,0
4268773,214845131,0
4268773,214602733,0
4268773,214839969,0
4268773,214839960,0
4268773,214836855,0
4268773,214836857,0
4268773,214829775,0
4268773,214836853,0
4268773,214602598,0
4290164,214840918,5
4301236,214600470,1
4301236,214838105,1
4301236,214714757,1
4301236,214556216,1
4301236,214821309,1
4312586,214640353,1
4312586,214717271,1
4312586,214677735,1
4312586,214574670,1
4322686,214820274,2
4322686,214840584,2
4322686,214840537,2
4326677,214555269,3
4326677,214680422,3
4346288,214826713,2
4346288,214839592,2
4346288,214725549,2
4371039,214829792,3
4371039,214838105,3
4396906,214839932,2
4396906,214839973,2
4396906,214821401,2
4412049,214839973,3
4412049,214839960,3
4425093,214564687,5
4437388,214826942,2
4437388,214832143,3
4444594,214839973,1
4444594,214839971,1
4444594,214839960,1
4444594,214557095,1
4463078,214716512,3
4463078,214594678,3
4483391,214748336,2
4483391,214839969,2
4483391,214845131,2
4490374,214758772,3
4490374,214844634,3
4502717,214839598,3
4502717,214839956,3
4509777,214844447,5
4527913,214710150,1
4527913,214837280,2
4527913,214838092,1
4527913,214837286,1
4531523,214632146,3
4531523,214829885,3
4541901,214601197,1
4541901,214640870,1
4541901,214847087,1
4541901,214640876,1
4567706,214684093,3
4567706,214849350,3
4577247,214836868,2
4577247,214607177,2
4577247,214607182,2
4580471,214821407,1
4580471,214831959,1
4580471,214827002,1
4580471,214612730,1
4580471,214826610,1
4588831,214839932,1
4588831,214820812,1
4588831,214820456,1
4588831,214819770,1
4608262,214836512,1
4608262,214826747,1
4608262,214839598,1
4608262,214645005,1
4608262,214764281,1
4613492,214533022,5
4634684,214821309,2
4634684,214844441,3
4640599,214829287,3
4640599,214826951,3
4659766,214694964,0
4659766,214700758,0
4659766,214670139,0
4659766,214700745,0
4659766,214678918,0
4659766,214589010,0
4659766,214845425,0
4659766,214696134,0
4659766,214648573,0
4659766,214696134,0
4659766,214648573,0
4659766,214648477,0
4659766,214696680,0
4659766,214705565,0
4659766,214712996,0
4659766,214589019,0
4659766,214714734,0
4659766,214538317,0
4659766,214836909,0
4659766,214819460,0
4673166,214831970,3
4673166,214554131,3
4688922,214632146,5
4702127,214535653,2
4702127,214511070,2
4702127,214849211,2
4713239,214716639,5
4720329,214701806,3
4720329,214551695,3
4739586,214836512,1
4739586,214587028,1
4739586,214831970,1
4739586,214587028,1
4739586,214831970,1
4739586,214836512,1
4739586,214840235,1
4739586,214847000,1
4739586,214836881,1
4744818,214828991,2
4744818,214835130,2
4744818,214831970,2
4766459,214839977,5
4770896,214586694,3
4770896,214829280,3
4784201,214839973,1
4784201,214602598,1
4784201,214828985,1
4784201,214832147,1
4797168,214640015,3
4797168,214839947,3
4810956,214839913,2
4810956,214553700,2
4810956,214710152,2
4822931,214581611,3
4822931,214836924,2
4833944,214538030,0
4833944,214821290,3
4833944,214538030,0
4833944,214821290,0
4833944,214748347,0
4833944,214821277,0
4833944,214821290,0
4833944,214821292,0
4846288,214560013,3
4846288,214829747,3
4856549,214839356,1
4856549,214645618,1
4856549,214839341,1
4856549,214839339,1
4876901,214843449,3
4876901,214826951,3
4882679,214651822,0
4882679,214639922,0
4882679,214639925,0
4882679,214544610,0
4882679,214676342,0
4882679,214544610,0
4882679,214628921,0
4882679,214645346,0
4882679,214531337,0
4882679,214602315,0
4882679,214581427,0
4882679,214514640,0
4882679,214550621,0
4882679,214551493,0
4882679,214550621,0
4895462,214826833,1
4895462,214844398,1
4895462,214707875,1
4895462,214573288,1
4895462,214691332,1
4904437,214638474,3
4904437,214837417,3
4930557,214839977,5
4938646,214839598,5
4943692,214837288,1
4943692,214838094,1
4943692,214838092,1
4943692,214825427,1
4943692,214837280,1
4949727,214845577,1
4949727,214845354,1
4949727,214829878,1
4949727,214831948,1
4949727,214836879,1
4977192,214829878,1
4977192,214845577,1
4977192,214691428,1
4977192,214844413,1
4987397,214838092,3
4987397,214832156,3
4991407,214840899,3
4991407,214838435,3
5000909,214685784,3
5000909,214685786,1
5000909,214685784,1
5016781,214745272,3
5016781,214837410,3
5044838,214646745,5
5054672,214844407,5
5062773,214831950,3
5062773,214646617,3
5075567,214823548,5
5081759,214833802,1
5081759,214820261,1
5081759,214820265,1
5081759,214848727,1
5081759,214833802,1
5094098,214840850,5
5103143,214832010,3
5103143,214844402,3
5118264,214716710,3
5118264,214716707,3
5132866,214850593,2
5132866,214844409,2
5132866,214836868,2
5145382,214843505,0
5145382,214840997,0
5145382,214840991,0
5145382,214840974,0
5145382,214840963,0
5145382,214843532,0
5145382,214840963,0
5145382,214840974,0
5145382,214838692,0
5145382,214843528,0
5145382,214691531,0
5145382,214838225,0
5145382,214845407,0
5157658,214840235,3
5157658,214836512,3
5170702,214532156,1
5170702,214708372,1
5170702,214717057,1
5170702,214629965,1
5170702,214629988,1
5170702,214629883,1
5170702,214629965,1
5193082,214839973,1
5193082,214710099,1
5193082,214676480,1
5193082,214838094,1
5197162,214829280,1
5197162,214829775,1
5197162,214602598,1
5197162,214587317,1
5197162,214586694,1
5219456,214527519,3
5219456,214844321,3
5221908,214845585,3
5221908,214824135,3
5240034,214828952,1
5240034,214585631,0
5240034,214828952,0
5240034,214585631,0
5240034,214536302,0
5240034,214828952,0
5240034,214536302,0
5240034,214585631,0
5240034,214536300,0
5240034,214828952,0
5243892,214850874,2
5243892,214850865,2
5243892,214708211,2
5272972,214844372,1
5272972,214844400,1
5272972,214844340,1
5272972,214844345,1
5272972,214845585,1
5290888,214702708,3
5290888,214587740,3
5299359,214844370,1
5299359,214582172,1
5299359,214582170,1
5299359,214835070,1
5299359,214838225,1
5303939,214844396,2
5303939,214844402,2
5303939,214832150,2
5309812,214844345,0
5309812,214845405,0
5309812,214845407,0
5309812,214640520,0
5309812,214706460,0
5309812,214838225,0
5309812,214844398,0
5309812,214701212,0
5309812,214844345,0
5309812,214712126,0
5309812,214561496,0
5322218,214748300,1
5322218,214748297,1
5322218,214753513,1
5322218,214850679,1
5322218,214850677,1
5329359,214581427,5
5350358,214709814,1
5350358,214826833,1
5350358,214744768,1
5350358,214832150,1
5350358,214845407,1
5367974,214846007,3
5367974,214846033,3
5377916,214691282,3
5377916,214851251,3
5389679,214821339,2
5389679,214533020,3
5404257,214845917,1
5404257,214845887,1
5404257,214846061,1
5404257,214846033,1
5416816,214684372,2
5416816,214613915,2
5416816,214820383,2
5428218,214835473,3
5428218,214835426,3
5441879,214613645,3
5441879,214613638,3
5463449,214573607,2
5463449,214652930,3
5466436,214829760,3
5466436,214612702,3
5477193,214821347,2
5477193,214821343,2
5477193,214821347,2
5480742,214844400,3
5480742,214602733,3
5501996,214711205,2
5501996,214712126,2
5501996,214832150,2
5508604,214581793,3
5508604,214515847,3
5523127,214845521,3
5523127,214757486,3
5544941,214691630,5
5548883,214708211,3
5548883,214687663,3
5565673,214699025,3
5565673,214847940,3
5577254,214554152,1
5577254,214836879,4
5589239,214838617,3
5589239,214846389,3
5602143,214674647,1
5602143,214641397,1
5602143,214674647,3
5613078,214541769,5
5624553,214846417,2
5624553,214848165,2
5624553,214846127,2
5651171,214850565,5
5653469,214846033,3
5653469,214846031,3
5665262,214835426,1
5665262,214835064,1
5665262,214835428,1
5665262,214835070,2
5665262,214842735,1
5676104,214537492,1
5676104,214678035,3
5676104,214601542,1
5696226,214849072,1
5696226,214819528,1
5696226,214845971,1
5696226,214845131,1
5696226,214835747,1
5696226,214835017,1
5706009,214699282,3
5706009,214677735,3
5710494,214838246,5
5719509,214613915,1
5719509,214602830,1
5719509,214676957,1
5719509,214850452,1
5748864,214691244,3
5748864,214849207,3
5754921,214844162,3
5754921,214844160,3
5762224,214821382,3
5762224,214846312,3
5774202,214718248,1
5774202,214542759,1
5774202,214839947,1
5774202,214688666,1
5774202,214702892,1
5774202,214702897,1
5774202,214688107,1
5774202,214702892,1
5787767,214712124,2
5787767,214554450,2
5787767,214845521,2
5811903,214846466,1
5811903,214845491,1
5811903,214836330,1
5811903,214850953,1
5811903,214541473,1
5811903,214695540,1
5818984,214848407,5
5831204,214846007,0
5831204,214846447,0
5831204,214848305,0
5831204,214846031,0
5831204,214846033,1
5831204,214846014,1
5831204,214514272,0
5831204,214845060,0
5831204,214691158,0
5831204,214688593,0
5831204,214716635,0
5831204,214688662,0
5831204,214688655,0
5831204,214691154,0
5831204,214688593,0
5831204,214691171,0
5831204,214691154,0
5831204,214845587,0
5834601,214591642,2
5834601,214851682,2
5834601,214639897,2
5853239,214829765,5
5865267,214702895,5
5868119,214744258,2
5868119,214700000,2
5868119,214832143,2
5897502,214718385,2
5897502,214846067,2
5897502,214748336,2
5912793,214846033,1
5912793,214849076,1
5912793,214846029,1
5912793,214548103,1
5912793,214574672,1
5918249,214844338,3
5918249,214664765,1
5918249,214844338,1
5936626,214846427,1
5936626,214846412,1
5936626,214846466,1
5936626,214846425,1
5941147,214826906,2
5941147,214846472,2
5941147,214846475,2
5959982,214712235,3
5959982,214835713,3
5965406,214820443,5
5977672,214665283,5
5988988,214846408,3
5988988,214846380,3
6001568,214753652,3
6001568,214692596,3
6014771,214584992,5
6026422,214836043,1
6026422,214836050,1
6026422,214835747,1
6026422,214835745,1
6026422,214716110,1
6026422,214836926,1
6026422,214839587,1
6026422,214848626,1
6026422,214709975,1
6026422,214819772,1
6030589,214663091,1
6030589,214846397,1
6030589,214582822,1
6030589,214848313,1
6030589,214820450,1
6043333,214712235,3
6043333,214700000,3
6057213,214700615,2
6057213,214700612,2
6057213,214700615,2
6073561,214600607,5
6084693,214820197,3
6084693,214848165,3
6109272,214587028,5
6113484,214848317,3
6113484,214846378,3
6127651,214714573,3
6127651,214851092,3
6149789,214581789,1
6149789,214600417,1
6149789,214581789,1
6149789,214581793,1
6149789,214515853,2
6153492,214697195,3
6153492,214697912,3
6174708,214509125,2
6174708,214835645,2
6174708,214835653,2
6182861,214847255,1
6182861,214847261,1
6182861,214847255,2
6182861,214832145,1
6182861,214846007,1
6185933,214514240,1
6185933,214711074,1
6185933,214829790,1
6185933,214711074,1
6185933,214575763,1
6185933,214711074,1
6185933,214541582,1
6185933,214711074,1
6196841,214691683,1
6196841,214691621,1
6196841,214838752,1
6196841,214691632,1
6196841,214691675,1
6196841,214848317,1
6223539,214553735,1
6223539,214848388,1
6223539,214509845,1
6223539,214539236,1
6227001,214848656,5
6246647,214538762,3
6246647,214677969,3
6261651,214836568,2
6261651,214844486,2
6261651,214836566,2
6271339,214844257,2
6271339,214844255,2
6271339,214844257,2
6276627,214848322,5
6283096,214849314,3
6283096,214820214,3
6298142,214848656,3
6298142,214849239,3
6319467,214848337,2
6319467,214848377,2
6319467,214848330,2
6325327,214848626,3
6325327,214848605,3
6336567,214839397,0
6336567,214849292,0
6336567,214533731,0
6336567,214838801,0
6336567,214559803,0
6336567,214533729,0
6336567,214836255,0
6336567,214836257,0
6336567,214533729,0
6336567,214836255,0
6336567,214559803,0
6336567,214559805,0
6336567,214838799,0
6336567,214838801,0
6336567,214838799,0
6344778,214849076,0
6344778,214848980,0
6344778,214819627,0
6344778,214831955,0
6344778,214846033,0
6344778,214846014,0
6344778,214848980,1
6344778,214831955,0
6344778,214701309,0
6344778,214579775,0
6358559,214550582,5
6386308,214846470,5
6401972,214849132,2
6401972,214510445,2
6401972,214819727,2
6411789,214848973,2
6411789,214848656,2
6411789,214848969,2
6415473,214558192,3
6415473,214848808,3
6428288,214848950,1
6428288,214848622,1
6428288,214848971,1
6428288,214839973,1
6428288,214839975,1
6428288,214850788,1
6428288,214844372,1
6428288,214844398,1
6428288,214710097,1
6431993,214846415,2
6431993,214846466,3
6452768,214837918,5
6457552,214718207,2
6457552,214849230,2
6457552,214847940,2
6478853,214700867,1
6478853,214629900,1
6478853,214700867,1
6478853,214629900,1
6478853,214700867,1
6478853,214629900,1
6483001,214705792,2
6483001,214839868,2
6483001,214705792,2
6494296,214848626,3
6494296,214848620,3
6507752,214561457,5
6520668,214820197,1
6520668,214846110,1
6520668,214846460,1
6520668,214846470,1
6532339,214848950,1
6532339,214712235,1
6532339,214850953,1
6532339,214848658,1
6532339,214832619,1
6543906,214551926,3
6543906,214850400,3
6569142,214845167,2
6569142,214845157,2
6569142,214845185,2
6593201,214849132,3
6593201,214691522,3
6606746,214708044,5
6618546,214594545,1
6618546,214845673,1
6618546,214845686,1
6618546,214594545,1
6621427,214829672,5
6642786,214829387,3
6642786,214851009,3
6647779,214849327,1
6647779,214836506,1
6647779,214548793,1
6647779,214835713,1
6647779,214684702,1
6647779,214711247,1
6657429,214717627,5
6661507,214819378,3
6661507,214567410,3
6681011,214601218,5
6700263,214560613,5
6707251,214848954,2
6707251,214849286,2
6707251,214838094,2
6711887,214849155,3
6711887,214849031,3
6721933,214821305,3
6721933,214844394,3
6726552,214509172,5
6734654,214711408,1
6734654,214684730,1
6734654,214829878,1
6734654,214826955,1
6734654,214718396,1
6734654,214820184,1
6750818,214831082,1
6750818,214820345,1
6750818,214849033,1
6750818,214586743,1
6750818,214587317,1
6750818,214820439,1
6763231,214849100,3
6763231,214849093,3
6772457,214849022,3
6772457,214848945,3
6789022,214849179,3
6789022,214829064,3
6811524,214701787,1
6811524,214835713,1
6811524,214601203,1
6811524,214700000,1
6832029,214574147,5
6838952,214849018,0
6838952,214849297,0
6838952,214853293,0
6838952,214545808,0
6838952,214853293,0
6838952,214545808,0
6838952,214685882,0
6838952,214550565,0
6838952,214550563,0
6838952,214550565,0
6838952,214550563,0
6838952,214546025,0
6838952,214849297,0
6838952,214829692,0
6838952,214545864,0
6838952,214596255,0
6838952,214534340,0
6838952,214829692,0
6838952,214538000,0
6838952,214714541,0
6838952,214698056,0
6838952,214714541,0
6838952,214718207,0
6838952,214574150,0
6838952,214698056,0
6838952,214714541,0
6838952,214718207,0
6843071,214845080,3
6843071,214829685,3
6853198,214850295,2
6853198,214850304,2
6853198,214846385,2
6856927,214838872,2
6856927,214848977,1
6856927,214838872,1
6856927,214848977,1
6865067,214848384,2
6865067,214848596,2
6865067,214848380,2
6888006,214849100,5
6909111,214743515,3
6909111,214744258,3
6917617,214832604,3
6917617,214587185,2
6930397,214832604,5
6932199,214828961,5
6956893,214716928,1
6956893,214717003,1
6956893,214717012,1
6956893,214716926,1
6967731,214851009,2
6967731,214848954,2
6967731,214848945,2
6983873,214851120,5
6997623,214849344,3
6997623,214849312,3
7009308,214710090,5
7026433,214582104,1
7026433,214836200,1
7026433,214819419,1
7026433,214811752,1
7026433,214555605,1
7026433,214835801,1
7026433,214836114,1
7030751,214848335,5
7049216,214850771,0
7049216,214850771,0
7049216,214850771,0
7049216,214850743,0
7049216,214850743,0
7049216,214850743,0
7049216,214850936,1
7049216,214850936,1
7049216,214850936,1
7049216,214556840,0
7054209,214684093,5
7076349,214849312,0
7076349,214848986,0
7076349,214849344,0
7076349,214849314,0
7076349,214849230,0
7076349,214844355,0
7076349,214585670,0
7076349,214561496,0
7076349,214585644,0
7076349,214707932,0
7076349,214537541,0
7076349,214835070,0
7076349,214717412,0
7076349,214846070,0
7076349,214580177,0
7076349,214581613,0
7076349,214846367,0
7076349,214560615,0
7076349,214705145,0
7076349,214718182,0
7076349,214819777,0
7076349,214582350,0
7076349,214602731,0
7076349,214850786,0
7076349,214845585,0
7076349,214602735,0
7076349,214603138,0
7076349,214581941,0
7076349,214561434,0
7076349,214602806,0
7076349,214603140,0
7076349,214561457,0
7076349,214826953,0
7076349,214820197,0
7076349,214846110,0
7076349,214602729,0
7076349,214602793,0
7076349,214587671,0
7076349,214585642,0
7076349,214561496,0
7083276,214607102,1
7083276,214607109,1
7083276,214607113,1
7083276,214607102,1
7087933,214584830,3
7087933,214717320,3
7107936,214540344,5
7113296,214701787,0
7113296,214851032,0
7113296,214829792,0
7113296,214712235,0
7113296,214851032,0
7113296,214701787,0
7113296,214845538,0
7113296,214851032,0
7113296,214601207,0
7113296,214701787,0
7113296,214845508,0
7113296,214835713,0
7113296,214851032,0
7134457,214839752,3
7134457,214846082,3
7139194,214643872,1
7139194,214848326,1
7139194,214677656,1
7139194,214851225,1
7139194,214677322,1
7139194,214677330,1
7151914,214581446,1
7151914,214665277,2
7151914,214845585,2
7170662,214534736,5
7181751,214850282,5
7193414,214849766,5
7205224,214832334,1
7205224,214832340,1
7205224,214832342,1
7205224,214832351,1
7205224,214832428,1
7205224,214832420,1
7205224,214832387,1
7205224,214832390,1
7215449,214612901,1
7215449,214551780,3
7215449,214551776,1
7237618,214587937,5
7243534,214832645,3
7243534,214846995,3
7255178,214553872,2
7255178,214835529,2
7255178,214663136,2
7263169,214850282,3
7263169,214684715,3
7290257,214849295,5
7296312,214848302,5
7301536,214849247,3
7301536,214587317,3
7309357,214684513,5
7339881,214587015,5
7355544,214644650,5
7357636,214850287,1
7357636,214848795,1
7357636,214829878,1
7357636,214684734,1
7379324,214534215,1
7379324,214629365,1
7379324,214629309,1
7379324,214629365,1
7379324,214591588,1
7379324,214629371,1
7379324,214837445,1
7383397,214848986,3
7383397,214848658,3
7404969,214718201,5
7409767,214849327,5
7422609,214553936,5
7434493,214586863,5
7449142,214534271,3
7449142,214848407,3
7461557,214701780,5
7471467,214850413,5
7484138,214716935,3
7484138,214821020,3
7493571,214695067,0
7493571,214695069,0
7493571,214844394,0
7493571,214844439,0
7493571,214844394,0
7493571,214829398,0
7493571,214596386,0
7493571,214596384,0
7493571,214847846,0
7493571,214847844,0
7493571,214544535,0
7514358,214850282,5
7529216,214696824,5
7544157,214632362,1
7544157,214632356,1
7544157,214632337,1
7544157,214632367,1
7544157,214632362,1
7544157,214632328,1
7544157,214632326,1
7544157,214710902,1
7548179,214832591,3
7548179,214849055,3
7555197,214716984,5
7583507,214695407,5
7591737,214557838,5
7595436,214538769,3
7595436,214561974,3
7604147,214667859,3
7604147,214832430,3
7631108,214507331,5
7648024,214565593,2
7648024,214837455,2
7648024,214565593,2
7658258,214836322,3
7658258,214836320,3
7661521,214537282,5
7670137,214849807,5
7683449,214850762,2
7683449,214850756,2
7683449,214515847,2
7691752,214853657,3
7691752,214712237,3
7706409,214701787,3
7706409,214851279,3
7725528,214684715,5
7734416,214539592,2
7734416,214819730,2
7734416,214819723,2
7753693,214546772,5
7765327,214716943,2
7765327,214717003,3
7777926,214850771,3
7777926,214826752,3
7788998,214819378,5
7799429,214709171,1
7799429,214574912,1
7799429,214509613,1
7799429,214574912,1
7799429,214658128,1
7799429,214574912,1
7819486,214509073,1
7819486,214509071,1
7819486,214848776,1
7819486,214829685,1
7819486,214509073,2
7824054,214601413,1
7824054,214850597,4
7837848,214583949,5
7842589,214851133,3
7842589,214851099,3
7863797,214850771,5
7869336,214851167,5
7882658,214516136,3
7882658,214580351,3
7893987,214820242,3
7893987,214512431,3
7899531,214853177,5
7911947,214836804,2
7911947,214672963,2
7911947,214537457,2
7925381,214716982,5
7935449,214602806,2
7935449,214585644,2
7935449,214602806,2
7940012,214687959,2
7940012,214687963,3
7957598,214684764,5
7978419,214546123,3
7978419,214686086,3
7981811,214851032,2
7981811,214561475,2
7981811,214574777,2
8007413,214849040,5
8017617,214844158,1
8017617,214509403,1
8017617,214844154,1
8017617,214586927,1
8017617,214844154,1
8021197,214850730,5
8042607,214851133,1
8042607,214849031,1
8042607,214578350,1
8042607,214851322,2
8042607,214851133,1
8055972,214849740,5
8072451,214546719,3
8072451,214844409,3
8079709,214849031,1
8079709,214851099,1
8079709,214691563,1
8079709,214843494,1
8079709,214843505,1
8092664,214851163,1
8092664,214851234,1
8092664,214851131,1
8092664,214851234,1
8092664,214851165,1
8092664,214662763,1
8095554,214718207,3
8095554,214847942,3
8114769,214851236,2
8114769,214850630,2
8114769,214845885,2
8145003,214851011,3
8145003,214564382,3
8151606,214646025,5
8162069,214560615,5
8164111,214853173,3
8164111,214714014,3
8183302,214851075,5
8210772,214851317,3
8210772,214852978,3
8238702,214850934,5
8245848,214711267,5
8249593,214851122,1
8249593,214851133,1
8249593,214844347,1
8249593,214851313,1
8249593,214580424,1
8277564,214851028,2
8277564,214851080,2
8277564,214851131,2
8287781,214573820,3
8287781,214714665,3
8294664,214850936,1
8294664,214850405,1
8294664,214853184,1
8294664,214820394,1
8294664,214783350,1
8299416,214849048,3
8299416,214850413,2
8319271,214716930,1
8319271,214716932,1
8319271,214716935,1
8319271,214716982,1
8319271,214716986,1
8319271,214854572,1
8333167,214851133,2
8333167,214846117,2
8333167,214853188,2
8341669,214853173,5
8359439,214853122,4
8359439,214651554,1
8365156,214851242,2
8365156,214851315,2
8365156,214691390,2
8371299,214716746,2
8371299,214716714,2
8371299,214851131,2
8377016,214560013,3
8377016,214636505,3
8388616,214684093,5
8399514,214850630,5
8401587,214851581,5
8428293,214849327,1
8428293,214828970,1
8428293,214717284,1
8428293,214553702,1
8428293,214652278,1
8428293,214530371,1
8428293,214530457,1
8441357,214748289,0
8441357,214850932,1
8441357,214555237,0
8441357,214848823,0
8441357,214587028,0
8441357,214718216,0
8441357,214640893,0
8441357,214838503,0
8441357,214840483,0
8441357,214559660,0
8452734,214582400,3
8452734,214853085,2
8457756,214716671,1
8457756,214851579,0
8457756,214716671,1
8457756,214716746,0
8457756,214716714,0
8457756,214684942,0
8457756,214851163,0
8457756,214851165,0
8457756,214716746,0
8457756,214574777,0
8457756,214853184,0
8457756,214853135,0
8457756,214853190,0
8457756,214853227,0
8457756,214716746,0
8457756,214853184,0
8457756,214716671,1
8457756,214558192,0
8457756,214716714,0
8471444,214551626,2
8471444,214844441,3
8481509,214850630,2
8481509,214851581,2
8481509,214851122,2
8512824,214849018,5
8521309,214639661,3
8521309,214840378,3
8535347,214716714,2
8535347,214851163,2
8535347,214851131,2
8546324,214851581,2
8546324,214846067,2
8546324,214706102,2
8563562,214582387,3
8563562,214836785,3
8582996,214851167,3
8582996,214851242,3
8586949,214851322,2
8586949,214567410,2
8586949,214602806,2
8594299,214853177,4
8594299,214853175,1
8613221,214851146,5
8618207,214851150,1
8618207,214851294,1
8618207,214851146,1
8618207,214546025,1
8630907,214851590,3
8630907,214851583,3
8641273,214851317,3
8641273,214851097,3
8662179,214852978,5
8669591,214851326,0
8669591,214844321,0
8669591,214691267,0
8669591,214853420,0
8669591,214852040,0
8669591,214853156,0
8669591,214844400,0
8669591,214844396,0
8669591,214853156,0
8669591,214668185,0
8669591,214746380,0
8669591,214849284,0
8669591,214665277,0
8669591,214851290,0
8669591,214561494,0
8669591,214583670,0
8681899,214567404,1
8681899,214851028,1
8681899,214716581,3
8689906,214846258,1
8689906,214850711,1
8689906,214853420,1
8689906,214846072,1
8689906,214853456,1
8689906,214853330,1
8689906,214853152,1
8689906,214554793,1
8704907,214851577,3
8704907,214851292,3
8723106,214838252,3
8723106,214849432,3
8727283,214582950,5
8736693,214832143,5
8751066,214850285,1
8751066,214678387,1
8751066,214853094,1
8751066,214851326,1
8751066,214853090,1
8751066,214853094,1
8779723,214555590,5
8794324,214639479,5
8799871,214853094,2
8799871,214850630,2
8799871,214651517,2
8815738,214580469,3
8815738,214819727,3
8835254,214678387,5
8839967,214853122,5
8852633,214509013,3
8852633,214844158,3
8863789,214667889,1
8863789,214560122,1
8863789,214839913,1
8863789,214844351,2
8863789,214839913,1
8876128,214846119,1
8876128,214851742,1
8876128,214691390,0
8876128,214853165,0
8876128,214678376,0
8876128,214853087,0
8876128,214846119,1
8876128,214849010,0
8876128,214678376,0
8882884,214853190,0
8882884,214835034,1
8882884,214716746,0
8882884,214716671,0
8882884,214851579,0
8882884,214851165,0
8882884,214851131,0
8882884,214853190,0
8882884,214835034,1
8894686,214820775,5
8907389,214678376,1
8907389,214853165,1
8907389,214853128,1
8907389,214851742,1
8907389,214678376,1
8907389,214853165,1
8907389,214853107,1
8913117,214851146,3
8913117,214583610,3
8934508,214851322,5
8938747,214851135,3
8938747,214846391,3
8951316,214582770,5
8954887,214853252,3
8954887,214853160,3
8974598,214844441,5
8989709,214853094,5
9001597,214850949,2
9001597,214853422,2
9001597,214850949,2
9015356,214851028,2
9015356,214716654,2
9015356,214839255,2
9028921,214509013,1
9028921,214844173,1
9028921,214844160,1
9028921,214844171,2
9041748,214716671,3
9041748,214851028,3
9047314,214588676,5
9060018,214600483,3
9060018,214851028,3
9067398,214853225,1
9067398,214853094,4
9087113,214851750,5
9102328,214714665,2
9102328,214573820,2
9102328,214848302,2
9114257,214559220,5
9117824,214851165,1
9117824,214851097,1
9117824,214851131,1
9117824,214851020,1
9117824,214851101,1
9127036,214844197,3
9127036,214844190,3
9145536,214853135,3
9145536,214853227,1
9145536,214853233,1
9174016,214853173,0
9174016,214849785,0
9174016,214849783,0
9174016,214849785,0
9174016,214544612,0
9174016,214853122,0
9174016,214849535,0
9174016,214828882,0
9174016,214546991,0
9174016,214761838,1
9181436,214851326,3
9181436,214853158,3
9186136,214574670,2
9186136,214574672,2
9186136,214574670,2
9206944,214853364,3
9206944,214853366,3
9219032,214859062,2
9219032,214640351,2
9219032,214638474,2
9228831,214850949,5
9232387,214573847,5
9248368,214640015,3
9248368,214710159,1
9248368,214640015,2
9267483,214537434,3
9267483,214535051,3
9273377,214580790,3
9273377,214537882,3
9286688,214853760,1
9286688,214579220,1
9286688,214853762,1
9286688,214558955,1
9286688,214717860,1
9286688,214836956,1
9294906,214638472,3
9294906,214837425,3
9314821,214707815,3
9314821,214643064,3
9327301,214853077,5
9342966,214552509,5
9355106,214853420,2
9355106,214853454,2
9355106,214853420,2
9366443,214582387,5
9386589,214853767,1
9386589,214854165,1
9386589,214854017,1
9386589,214853865,1
9386589,214853413,1
9391416,214853094,1
9391416,214853090,2
9391416,214853096,1
9391416,214852982,1
9391416,214845973,1
9408631,214853366,2
9408631,214853402,2
9408631,214853347,2
9412676,214853094,5
9434192,214852978,5
9444819,214851332,3
9444819,214584830,3
9449408,214853261,2
9449408,214842474,2
9449408,214853379,2
9456446,214828963,2
9456446,214828970,2
9456446,214849327,2
9483468,214561485,2
9483468,214850743,2
9483468,214850771,2
9493733,214830896,2
9493733,214831513,2
9493733,214853396,2
9498359,214853132,1
9498359,214853195,1
9498359,214851750,1
9498359,214586645,1
9498359,214829825,2
9507683,214586619,5
9529237,214711307,3
9529237,214850949,2
9539079,214645972,1
9539079,214705117,1
9539079,214553810,1
9539079,214853263,1
9539079,214852987,1
9539079,